17 -178 6
29 -119 6
-77 -88 6
-84 -94 6
50 55 5
-87 -57 4
76 55 5
-38 22 4
-43 73 4
-4 134 6
36 -59 6
26 -156 6
6 -128 6
-1 -70 2
22 22 6
50 -65 6
-58 -37 6
13 48 6
-1 -145 6
-67 43 6
-10 109 6
-27 140 4
-21 153 6
-54 0 5
-53 17 6
87 -55 6
-80 -115 5
-12 5 6
-66 95 5
-14 -101 5
10 85 5
-10 96 6
-14 153 5
72 141 6
-50 -154 5
-8 64 3
24 -70 6
-73 106 6
21 -150 6
-7 -72 6
-40 -57 6
22 123 6
-79 -58 6
-22 -53 6
-14 132 6
42 26 5
-72 23 4
86 120 6
85 166 6
-46 20 5
-18 81 4
-76 95 5
20 138 5
27 100 4
-63 -69 6
-25 -60 6
-84 -42 6
-30 118 6
-4 52 6
6 116 6
-36 -120 2
-47 -60 6
89 -108 6
-12 -131 6
20 -176 4
12 158 5
-40 174 6
-61 -113 6
50 123 5
-6 130 5
-35 -14 5
-52 -11 4
-68 76 6
5 -79 6
-37 109 3
-71 68 5
36 49 6
61 -171 5
57 92 5
9 145 6
-55 159 5
14 162 6
13 -16 6
-65 -25 4
30 152 6
31 103 6
-64 -114 6
19 115 3
-53 -130 5
25 -155 6
-31 -85 4
16 -79 4
-47 1 6
15 -14 6
-4 -31 6
-23 142 6
-81 157 6
12 -147 5
42 -20 5
89 180 6
-67 -124 6
-21 -17 6
-75 158 5
2 87 5
10 -61 5
80 -124 5
89 -180 3
-61 -102 4
16 -30 5
57 -82 6
-84 58 5
-80 -118 6
68 -104 6
-73 -109 3
42 -24 6
-53 -95 6
-32 -120 6
75 -74 4
77 -85 5
-77 -71 4
60 -68 3
-67 -35 6
-89 18 6
-45 -178 6
32 -93 6
-62 169 5
83 139 6
-58 10 6
27 119 6
38 -2 3
80 39 4
65 -117 4
-48 54 6
57 -72 6
-57 -2 5
-43 -37 6
-32 -92 6
88 -65 4
67 -138 6
62 -28 6
21 -84 6
-23 108 5
90 126 6
47 -173 6
35 -86 5
5 -173 6
72 -29 6
46 99 6
37 2 6
41 -108 6
18 22 5
45 54 5
-13 -150 6
41 58 6
-50 46 5
-4 -87 4
-67 -103 6
0 -126 5
-89 -177 6
62 129 6
77 -134 5
72 -6 6
16 158 6
-7 -157 5
-15 -27 5
-49 63 6
37 128 6
59 17 3
-50 -111 6
11 -147 6
69 -46 6
58 -6 6
-23 47 5
-51 -140 6
67 64 6
-56 -110 4
57 120 5
-47 -140 6
36 -76 6
-87 -152 5
-66 13 5
53 106 6
68 117 6
-55 -94 5
31 -153 6
60 -87 3
2 -51 4
-72 29 5
50 165 4
0 -147 5
-12 77 5
69 6 6
50 -140 4
-21 112 6
-13 -165 6
-55 168 6
-5 174 6
34 169 5
76 59 6
-12 -169 6
24 -135 6
0 113 6
61 27 5
36 169 6
17 59 6
23 -52 6
26 161 6
-70 180 2
83 40 6
-70 124 6
-40 138 6
81 33 5
-69 -114 6
-64 144 6
41 124 2
82 132 5
67 -12 6
-56 50 5
80 -67 5
13 -25 6
-32 -4 4
84 72 5
65 -83 5
-76 -179 3
-47 6 5
17 67 5
-54 12 6
86 -125 6
-3 -22 6
58 59 6
-63 -125 4
-8 57 5
7 47 6
-36 -15 5
52 26 6
47 34 5
-72 -66 6
-22 -72 6
75 116 6
-69 75 6
10 -121 6
79 -89 6
67 -20 3
-48 -40 6
34 163 5
65 -156 6
5 -54 5
-10 -41 6
-43 -83 4
-5 20 3
69 -10 5
38 -171 6
-37 -42 3
-77 140 4
-20 173 4
-59 121 6
-77 -90 6
-13 -73 5
-45 -141 5
-64 -17 6
38 60 3
-56 100 5
-6 -129 5
-41 39 6
-42 -82 6
-80 74 6
68 -141 6
26 179 6
-43 -172 6
-54 -86 6
-79 18 3
-19 133 6
66 115 6
36 19 5
74 -63 6
29 -104 6
49 -149 6
4 -175 4
0 -85 6
67 58 6
-70 96 6
-43 38 5
-30 -137 5
-32 -61 6
0 -37 6
29 147 6
-35 -46 6
61 93 5
-72 39 6
4 97 6
83 -45 6
26 -46 4
-13 102 6
0 73 5
-89 -90 6
-14 -106 6
71 32 6
58 -53 4
56 -107 6
-37 94 5
15 -133 6
-72 -73 6
69 11 6
89 -41 5
50 -122 5
9 -147 6
10 -56 6
60 130 6
-64 -70 6
-47 -109 6
81 104 6
-52 170 5
9 19 5
38 -82 6
-63 124 6
-48 -171 4
-38 -103 6
-84 -118 5
4 180 4
-48 -112 6
80 -56 4
-35 -102 4
0 -118 6
87 93 6
-12 33 5
-29 -59 6
66 174 6
-89 97 6
5 -112 3
30 -42 3
-35 -127 5
-7 67 6
-52 -68 5
34 2 6
47 10 6
34 -102 5
20 25 6
2 -2 6
-6 -127 5
-44 124 5
-20 -72 6
28 149 5
30 -77 5
-67 63 6
-70 -139 6
-41 -57 6
-49 -48 2
47 38 5
87 -80 5
19 -149 6
-30 20 6
-58 117 6
49 124 6
55 -86 4
-58 -168 6
58 101 4
-10 89 6
-44 -78 4
16 107 6
-47 -34 6
59 -78 6
74 66 5
-64 -52 6
-32 -29 6
21 50 5
-26 21 6
53 99 6
15 -155 5
-26 123 6
-45 53 6
26 -129 6
60 -96 4
-22 160 6
-50 -61 6
-59 3 5
5 32 5
12 96 6
-3 73 6
-9 114 2
11 24 4
34 54 6
-84 57 6
-89 99 5
-70 102 5
-10 -109 6
2 70 5
3 -167 6
-40 -33 6
30 74 6
-4 -136 6
10 166 6
-32 49 4
-44 -156 6
13 -171 6
74 156 6
-60 83 6
20 98 6
75 -133 6
55 -22 4
32 12 6
-30 32 6
-78 -111 6
17 57 5
70 115 6
85 135 2
-17 -10 6
59 159 5
4 -50 5
-65 -107 5
-80 132 6
-73 3 5
-77 -118 5
-22 -1 6
78 -146 3
33 -148 6
32 -52 6
-59 -40 5
77 -67 6
-43 3 6
-43 112 6
-40 -25 6
38 -101 5
-34 -65 6
-88 -176 6
74 -52 6
64 152 6
-33 -101 6
-9 31 5
-59 -23 5
-40 -55 6
65 -22 4
-38 -87 5
-47 -12 6
85 -8 4
-52 -25 6
-34 -67 6
-89 -133 6
-39 125 5
-18 -129 6
63 137 6
25 13 6
60 -125 6
-45 -121 3
-27 131 4
21 98 5
-22 21 5
-86 -71 6
30 -97 5
79 96 6
65 147 5
13 29 5
-19 -47 5
59 12 6
-89 -47 6
-77 -127 4
3 -96 6
25 -91 6
54 139 4
-11 -80 6
47 169 6
-5 -38 6
10 95 6
40 0 4
29 -2 6
55 109 5
17 -144 5
33 -154 5
46 -174 6
65 -149 6
-72 -157 6
38 89 5
-89 -71 6
-79 -180 4
8 119 4
16 19 5
-63 -28 3
39 -28 5
-62 50 6
15 -25 6
87 -99 6
41 -13 6
51 16 4
0 -14 5
88 85 6
69 143 6
-35 -61 5
-15 42 4
90 167 5
41 -17 3
-29 136 6
-50 1 5
52 52 6
-23 -137 6
-48 62 6
-37 163 6
-80 -126 5
0 119 5
-54 -53 3
-85 39 5
-82 -5 6
-88 128 5
-76 127 6
-71 142 5
-86 -125 6
-18 116 5
23 168 6
15 138 4
12 19 5
-67 -114 5
-61 39 6
1 -38 6
69 -176 5
48 -19 4
-20 -116 5
42 -64 5
49 14 5
26 97 5
16 123 5
41 -31 6
60 -145 6
-1 75 6
53 -48 4
59 75 6
-20 40 5
-79 -171 5
-32 77 5
84 10 6
81 -155 6
-72 -101 5
-6 2 3
-49 50 6
-14 -92 4
31 -87 2
-3 -64 4
-56 -88 4
-78 -105 5
24 76 6
-15 150 6
83 -12 6
49 19 6
-75 -66 6
-27 -135 6
-41 54 6
11 78 6
-5 -102 6
50 100 6
50 70 6
-56 -4 4
66 -172 3
-3 -107 6
79 161 6
-68 -51 5
-34 49 5
41 140 3
-16 152 3
-59 143 6
-11 26 6
-61 -125 4
5 121 6
54 -62 6
-25 116 6
77 -100 5
-14 96 6
15 179 6
80 -116 5
-28 70 3
-79 -85 4
38 177 6
-75 22 6
-87 -46 4
21 173 6
61 -116 6
64 162 5
-24 167 6
-76 -156 6
49 13 6
53 62 6
58 74 6
4 135 5
-73 -161 6
-24 -100 5
-64 35 5
-57 110 6
45 47 6
-84 108 6
46 68 5
63 -48 4
-23 -21 6
-6 -178 5
-64 -99 5
46 -171 4
62 -2 6
-56 92 5
-51 -161 5
68 175 6
-81 106 5
-41 26 6
79 -105 5
-72 -124 5
-56 94 6
-46 -148 5
-47 135 5
-51 127 6
67 -52 6
73 70 6
5 167 4
69 -39 4
-76 -95 5
81 119 6
-25 41 6
69 -174 6
-12 -20 6
4 153 5
-35 120 6
-39 133 6
-33 70 6
42 -147 4
55 -29 5
-72 -154 6
-78 -153 6
-28 -48 6
82 100 6
50 -153 6
31 -124 6
33 124 6
-5 88 5
-52 113 4
-86 40 5
-25 1 6
64 7 6
62 150 5
-61 92 6
51 67 6
60 89 6
-56 -39 6
54 62 6
12 112 6
-72 -86 5
19 -4 6
62 -105 6
80 146 6
89 45 6
25 78 6
78 5 3
-78 -174 5
-41 -87 6
-42 -93 4
-20 53 4
67 -178 6
73 -7 5
-60 111 5
-13 17 6
24 78 6
-13 116 6
-55 68 6
76 -19 6
55 73 6
32 -100 5
-76 -67 6
16 -80 6
-74 -73 6
0 4 4
-15 91 6
-32 -38 6
37 -100 6
-89 -98 6
-61 -160 6
16 -19 5
-73 91 6
-16 -89 2
62 -76 6
-89 28 6
-40 76 4
7 0 6
77 3 6
-77 3 5
85 125 5
-25 145 5
-76 70 6
-9 -60 2
66 74 6
-70 9 6
-47 169 6
-89 -105 6
-49 -43 5
-16 70 5
59 29 5
19 43 6
39 -105 4
2 -39 6
2 -108 6
-10 160 5
-24 -47 5
24 11 4
38 -142 6
24 34 5
-62 -111 3
66 5 6
60 116 6
-30 110 6
-69 -178 4
-19 104 5
-55 -75 6
-8 -77 5
32 -128 6
87 -176 5
90 -177 6
13 -81 6
-90 -38 5
16 -180 6
-58 85 3
46 156 5
1 -67 5
68 -92 6
75 -32 6
7 169 6
50 -164 5
-65 -74 5
-23 79 5
51 139 5
43 -7 3
-86 106 5
-86 -66 4
-15 12 5
-88 -154 6
-22 73 6
-32 126 6
40 -36 5
41 -100 6
-60 -88 5
86 -14 6
9 -25 6
1 165 5
10 55 6
73 -67 5
37 -97 6
49 47 6
-1 -38 4
-49 -34 5
31 -80 6
-37 20 5
-9 179 5
-1 40 5
70 -159 6
-79 -35 6
51 -60 6
49 44 6
-23 -76 6
-71 85 6
37 -89 6
-77 -115 5
10 -121 6
-15 14 6
-43 38 5
-32 -174 4
88 21 6
6 170 5
30 -70 6
-33 -103 5
-84 -44 6
54 31 6
-70 100 6
-81 96 5
-52 -114 4
17 143 6
-17 -111 6
8 30 5
13 -114 5
27 -153 6
10 -158 6
77 7 4
39 122 6
-39 -6 6
78 155 4
-57 101 6
-80 56 6
22 -3 5
70 2 6
63 180 6
69 -178 6
41 -115 6
31 -124 6
-74 2 6
-8 169 6
-27 -144 6
-9 120 4
-67 87 6
-20 168 6
-38 20 6
-62 -148 5
69 91 6
37 -12 5
-72 -20 6
-34 142 6
54 -64 6
-48 76 6
2 102 3
55 67 6
21 -134 6
-13 61 5
-86 -171 3
-11 116 5
-67 -88 4
31 107 6
-28 6 6
-67 -134 6
-84 65 6
9 -49 5
35 -23 5
-81 -131 5
-53 -5 6
71 27 6
-55 -16 6
85 75 5
66 176 6
-76 -165 4
71 -127 6
80 172 5
30 146 5
14 -33 5
85 -14 5
51 -55 6
-86 131 6
31 138 5
-62 -129 6
-4 102 6
-8 94 6
-77 85 5
7 117 6
-83 134 6
74 -109 6
33 90 3
71 124 5
-50 -180 5
56 -23 5
-79 150 6
18 89 5
8 60 6
-75 -155 6
49 134 6
75 -107 5
78 -120 5
24 -47 6
-11 -160 6
-3 -151 4
66 -8 6
-42 160 3
-53 145 6
65 143 6
-47 26 6
-81 -35 6
-39 77 5
57 138 6
39 70 6
53 -167 5
-17 -52 5
23 159 6
-21 23 6
-31 169 6
68 27 4
-83 35 2
14 43 3
4 91 4
-60 142 4
-72 -8 6
-26 -47 6
80 -19 6
74 147 6
61 -101 5
49 -135 5
-45 -110 6
49 -73 6
-89 148 6
11 1 5
-77 108 5
-15 113 5
-24 11 5
77 173 5
-79 41 6
81 -95 6
42 135 6
-40 179 5
64 101 5
9 -47 6
-47 132 5
-82 -162 4
0 114 6
47 26 6
-64 -77 6
58 60 5
-76 47 6
8 107 3
-72 42 5
57 13 6
-24 80 6
-22 149 5
45 -29 6
38 -111 6
0 -69 6
8 -113 6
-26 -57 6
-16 -2 6
15 -123 5
80 -50 6
-63 163 6
49 16 6
54 -16 3
-7 155 3
16 102 5
35 103 6
47 -110 6
-15 56 5
38 146 5
-44 -148 6
6 -137 6
63 -150 6
4 -102 6
-60 62 6
-63 114 4
12 180 5
21 159 6
43 74 6
-73 -154 6
43 24 6
-45 -167 5
-48 90 5
65 178 6
-69 -112 5
-7 -179 5
-35 46 5
-45 43 3
82 97 5
54 -161 6
27 18 5
63 -33 6
82 -171 6
84 -13 6
18 124 5
-5 58 6
42 -61 6
46 -80 5
-17 -172 6
-58 -169 6
-19 63 5
72 -37 4
-50 -119 6
-9 89 4
-57 -38 3
6 19 5
-31 87 6
-60 18 6
-20 -154 6
23 -87 5
48 61 6
-4 -1 4
66 50 6
-85 145 4
-9 -97 6
44 -166 6
-7 -151 5
54 25 6
-17 118 5
-16 -92 6
2 77 6
-36 107 5
-60 -147 6
69 -172 6
-11 171 6
-45 22 5
77 52 6
45 173 6
82 12 5
29 167 6
-86 -133 4
2 -163 6
-42 84 6
-89 -128 6
41 -110 6
-88 51 5
64 46 6
-7 -17 6
75 -64 5
58 129 5
-9 177 5
27 97 4
-66 44 6
-16 -29 6
2 -6 5
55 55 6
7 -37 6
-84 173 4
50 168 4
82 -85 6
-81 -148 6
-11 131 6
55 121 6
48 -12 5
-83 -98 6
60 174 5
-4 -23 6
28 28 6
-5 12 4
-31 100 6
-78 72 6
6 -15 5
-88 147 6
-25 -58 6
87 13 6
-36 -90 5
-78 -69 5
59 89 6
-83 -147 6
-37 -57 4
28 69 5
-45 -166 6
71 -66 4
-59 116 6
52 27 6
-78 -130 6
-62 30 5
68 49 6
66 134 5
-89 161 6
-82 -100 6
13 42 5
50 -62 6
-3 -37 4
-80 -152 6
-77 178 4
-50 -91 6
-50 -70 5
10 -77 6
38 -51 3
49 169 6
59 -93 6
18 -84 5
-44 149 6
-87 -95 5
69 87 5
-45 -87 5
-85 168 6
56 60 6
62 -89 4
6 165 6
-11 62 5
-86 144 5
-60 145 6
74 -126 5
81 71 5
-69 -103 6
-22 40 6
66 -78 2
-86 174 6
23 95 5
-2 19 5
39 -124 3
75 109 6
-44 -107 5
-20 15 6
-78 28 6
-67 148 6
42 139 6
-40 -95 4
-77 124 6
-49 27 5
3 146 6
82 124 6
-17 76 5
-81 -155 5
14 -95 5
56 26 6
82 -78 6
17 -160 6
39 -179 5
84 -156 6
-24 -123 6
87 -158 6
-80 137 5
25 96 6
-10 -138 6
79 -58 5
77 -76 6
-64 -154 5
-66 -62 5
1 -77 6
-80 -80 6
-41 115 6
-21 -40 5
-4 -165 6
-83 148 6
57 -152 6
5 105 6
-64 -89 3
-12 -55 5
20 -11 6
86 171 5
23 -94 4
-17 -90 6
3 -72 6
9 -117 5
75 -124 6
48 -16 5
66 7 6
-11 -27 5
-14 72 3
-48 -144 4
43 -99 6
27 54 6
18 119 4
26 -177 6
77 -75 6
-19 46 2
-69 92 6
25 169 2
20 6 6
-14 152 6
-30 30 6
77 44 5
55 8 5
40 115 6
25 67 6
-33 -23 6
-43 -20 6
49 66 6
-50 -167 3
35 87 5
-23 166 6
-6 -133 6
-38 -73 6
-58 143 6
66 -165 6
-22 176 6
72 136 4
3 69 6
13 -27 5
-16 158 6
79 -11 6
33 11 5
10 116 5
14 83 5
72 -51 4
-45 114 5
52 -168 6
2 88 6
-47 -54 6
59 -5 5
-86 -93 5
55 76 6
-3 145 6
68 122 6
63 -124 3
31 -32 4
-9 -38 6
47 156 5
-27 115 6
-64 137 6
-79 53 5
-57 -92 4
59 128 5
32 -117 6
65 152 5
51 74 6
-88 99 6
-36 178 5
-80 -105 5
40 -129 6
52 -176 6
46 87 6
60 -6 6
-24 94 5
-85 146 5
-50 -103 6
77 111 6
76 -83 5
68 -112 5
-54 38 6
50 39 5
-30 -85 6
-72 95 4
10 -99 6
4 146 5
52 117 5
79 157 6
-25 -59 6
37 112 6
-26 -135 6
21 46 6
-54 109 6
23 109 6
63 1 6
60 21 3
8 174 5
28 -45 4
-25 36 4
-61 -127 6
-69 174 5
37 107 6
56 35 5
74 -156 5
38 -107 6
-36 1 6
-70 171 5
35 79 6
-55 -57 6
-36 -61 5
9 -140 5
69 -15 5
18 39 4
71 75 5
-22 128 6
-18 -57 4
30 60 6
10 129 6
-22 87 6
43 -11 6
21 -106 5
29 -177 5
65 134 3
73 130 4
-16 110 6
-30 -80 5
62 91 6
19 -4 4
55 129 4
-10 -18 5
-87 78 6
-36 45 6
82 -118 6
77 171 4
-81 -61 3
-43 77 5
-9 9 6
-32 106 6
-41 -32 6
63 -131 6
45 94 6
-77 -113 6
17 36 5
-39 32 6
-23 36 4
56 -109 2
39 133 4
-63 6 6
-79 -24 5
-10 -47 5
-46 -175 5
60 80 6
-36 157 6
80 -174 6
-8 -167 6
11 -135 4
-13 111 6
73 -96 6
64 18 6
-10 -163 6
-71 -115 4
70 -129 5
-77 -65 6
-30 3 5
1 0 5
-32 63 6
-2 90 6
61 7 6
-74 39 5
78 141 5
-8 152 5
23 78 6
81 -127 5
-23 33 5
72 3 6
36 -88 5
-83 -21 6
77 -113 6
46 -127 6
-5 -124 6
28 159 6
21 90 4
65 84 5
24 169 6
84 110 3
24 55 5
27 68 6
13 49 6
65 173 6
-80 -104 6
-88 132 5
64 3 4
23 -32 6
-87 -48 6
2 165 6
-57 -179 6
32 -15 5
-1 -77 6
43 -1 5
-71 115 6
-51 -7 6
38 23 5
-81 -10 6
30 -72 6
-77 -16 6
-67 163 5
-32 -42 6
40 19 5
57 40 5
62 -92 5
89 -64 5
78 -87 4
-14 -119 5
51 -74 6
-39 -105 6
0 81 6
-36 16 4
28 -59 6
28 -69 6
19 85 5
-65 -34 5
-21 -172 5
-20 57 3
-34 -104 5
35 32 6
61 95 6
-86 -164 5
-20 -35 6
31 -69 6
-3 -18 5
-63 -100 6
10 -117 5
28 -38 5
40 140 5
-85 34 5
77 79 5
4 -47 4
60 85 6
5 143 5
-17 17 6
-5 -39 6
54 63 5
-41 71 5
-82 -31 6
-89 -115 6
-59 169 5
69 74 6
70 52 6
-56 -122 5
24 173 5
-79 127 5
-19 -116 5
-22 44 6
-55 18 6
-7 -106 6
-48 93 5
-66 -158 6
-30 -177 6
74 82 6
-27 -77 5
79 -10 5
-10 79 5
-73 -68 6
12 173 6
17 -30 3
-32 -29 6
39 9 6
-39 102 5
86 -23 6
46 -159 4
4 138 6
24 -38 5
-75 -141 6
-74 19 4
-30 -83 5
31 40 6
73 85 6
-56 1 6
-5 161 6
-67 -74 6
-60 11 4
-48 177 6
-84 118 6
-35 159 5
-53 46 4
-2 -98 6
58 -107 6
-36 11 6
57 -77 4
51 87 4
-84 77 6
-15 -34 6
59 173 6
58 140 6
-20 -129 6
64 116 6
-1 -168 4
-89 -92 5
-71 -18 6
-16 109 5
-83 -146 6
30 80 6
-51 106 5
-81 -171 3
-68 -117 4
-39 -163 5
-27 -175 6
-29 127 6
-79 -72 6
71 52 3
-36 100 6
49 59 5
69 -111 6
-7 172 4
-72 120 6
60 115 6
-27 135 6
-88 -50 5
-42 -110 2
-10 104 6
-48 -171 5
23 44 5
87 -43 5
11 151 5
-55 105 6
14 180 6
-65 -73 4
-88 115 6
66 -111 5
-62 106 6
-55 -132 4
51 -31 6
23 -59 6
-88 -158 6
-27 91 5
-68 122 6
76 -108 5
-25 -2 3
61 -69 5
-43 -20 5
57 -145 5
49 23 4
78 -169 6
89 -80 6
-10 72 5
54 167 6
65 57 6
-45 -105 5
67 -142 6
-47 -49 5
-66 149 3
6 -115 6
-41 106 6
-25 4 5
-61 -180 6
-16 37 3
17 -111 6
58 178 6
69 -140 6
17 -43 6
-44 -171 6
-46 -10 5
32 65 5
40 156 5
19 79 6
89 174 3
71 70 4
-4 39 5
-2 41 5
-45 91 6
-8 105 6
59 89 6
-8 115 6
12 103 4
31 -168 6
-60 11 5
1 -53 6
49 -36 5
86 -132 6
-89 -118 6
-42 168 5
-3 83 5
-85 -136 5
38 -149 6
-54 -128 4
88 -37 6
-44 13 6
14 -111 5
-78 -126 6
-84 -141 6
13 155 5
-42 -76 6
68 78 6
27 133 6
13 -151 6
-24 -56 6
64 -32 5
-22 -54 2
23 82 5
61 140 6
-54 -154 6
-83 21 5
34 -1 6
-49 136 6
78 -163 6
1 -10 6
24 114 6
-17 -112 6
37 96 6
-77 -104 4
-63 115 6
7 -154 5
-51 44 6
25 73 5
30 96 6
-18 -169 4
-83 -160 5
14 5 6
-7 159 3
-37 89 5
21 -11 5
13 113 6
32 99 6
43 -41 5
84 -27 5
81 68 6
-43 33 6
-55 -120 5
30 86 3
-86 -135 6
-13 160 6
-13 102 5
-23 53 6
-76 -32 6
70 129 6
-44 -58 6
20 89 4
-45 127 5
54 167 6
86 89 5
-69 148 5
87 24 5
4 -122 3
88 89 6
74 -177 6
-78 90 4
-48 8 5
18 -102 6
29 169 5
-28 94 6
-38 125 6
-29 100 5
-75 137 5
28 -159 6
62 -89 6
-42 -175 6
-53 18 4
74 172 5
-72 131 6
-79 -180 6
-51 110 6
46 -54 3
-9 101 5
33 107 6
-70 -37 6
24 48 6
12 136 2
28 55 6
69 -101 6
-79 64 6
9 -156 4
8 173 6
-8 49 5
50 158 6
-77 -16 6
-10 75 6
67 141 6
26 -60 3
80 -153 4
-73 44 5
80 -105 6
2 -134 5
-74 113 6
7 -139 4
-50 -170 5
64 -77 5
23 -50 6
44 -59 6
-42 -159 5
-58 45 6
-17 173 4
-7 178 6
38 71 6
10 -21 6
-39 -44 5
-9 -104 5
66 -1 5
-63 137 5
-28 105 6
20 -175 5
-24 152 5
-14 -4 6
-3 -131 5
0 -16 6
-62 -59 5
-78 104 6
-6 -61 5
45 87 6
-7 28 5
-10 -66 5
-14 -89 5
-49 -156 5
85 33 6
-24 -174 6
-29 96 5
16 118 4
-48 39 6
71 -75 6
-23 -72 6
53 16 5
16 78 5
-51 -1 6
30 125 5
-78 61 5
37 -160 6
-72 -45 6
1 -99 5
-75 134 6
84 112 6
22 22 5
38 12 5
-55 -67 6
30 29 6
-16 95 5
6 -1 4
-69 -43 6
-51 31 3
-38 104 6
49 -103 6
-13 144 6
47 -131 5
-27 -35 6
-73 171 6
24 -123 5
43 75 5
68 66 6
-24 157 6
32 -112 6
67 93 6
-49 13 5
-42 165 4
84 71 6
35 162 6
10 26 6
20 -128 6
-38 179 3
52 -44 6
61 -161 5
79 -97 6
4 -48 5
1 -146 6
17 -46 6
-9 159 6
-50 -113 6
-9 -108 3
-54 100 5
-75 -38 6
17 -107 6
-72 10 6
-2 -167 5
-63 -130 6
-81 145 6
-67 -110 5
-35 173 5
8 -108 5
68 170 6
63 -32 5
-61 118 6
-72 4 6
24 -55 4
-71 -52 6
72 123 5
-37 92 5
22 43 5
41 40 5
49 -162 5
63 51 4
0 -83 5
-59 59 5
33 4 5
73 134 4
-80 34 6
-86 -131 5
50 -161 5
-75 -179 6
-17 177 4
8 110 4
-14 -173 6
15 178 5
20 112 6
24 -170 6
-71 -76 5
13 116 5
17 7 6
83 -24 6
-66 -83 6
40 -134 6
79 -7 6
-66 168 5
72 176 6
55 22 6
-75 77 6
85 105 4
25 -64 6
-73 -100 5
-27 50 6
-63 166 5
40 169 6
86 -99 4
86 158 6
-89 180 6
54 -162 6
-87 -2 5
70 -130 5
-58 97 5
31 152 5
-76 174 5
87 0 5
60 -164 6
-84 -114 6
79 31 6
0 58 5
62 -110 6
87 -112 6
70 -96 6
47 172 4
35 155 2
31 -18 6
-56 85 4
85 70 6
30 40 4
5 -134 5
-83 31 6
-87 -94 6
81 -165 6
50 64 4
-14 -163 5
-7 -118 5
-58 48 4
-88 -88 6
-45 -57 6
24 71 6
-68 74 5
-57 80 6
-16 -5 3
14 146 6
89 104 5
-67 113 6
8 -134 6
90 -32 6
-64 -88 6
-82 171 6
70 87 5
-2 85 5
25 103 3
37 105 6
49 -31 5
-23 56 6
-67 -2 6
-88 -128 5
-87 150 6
-39 10 6
-72 -178 3
-4 -26 6
13 18 5
-85 -56 5
-37 72 6
58 97 6
42 80 6
66 -35 5
-66 -161 6
38 -93 6
-23 134 5
72 -39 6
6 133 6
-46 20 6
15 134 4
51 -6 6
53 146 6
-28 165 4
86 -80 5
-64 159 5
-83 -30 5
87 -44 6
-66 -1 4
-60 117 5
-22 -109 6
73 -2 6
-18 42 6
66 63 4
3 66 6
47 -14 5
-85 -17 5
24 -158 5
-81 146 6
43 45 5
70 27 5
-53 -10 6
5 -107 4
-49 -70 6
19 -111 6
84 -53 6
-17 178 6
-5 66 5
-8 -97 6
51 -94 6
2 104 6
-6 -178 6
53 -40 6
13 -20 6
-66 154 6
-16 146 5
53 167 5
-71 -45 6
82 151 6
-30 101 6
6 143 5
41 78 6
-46 -155 6
60 -88 6
87 -88 6
-59 -11 4
-7 -93 6
-36 170 2
-18 -16 6
47 98 6
-36 121 5
76 24 6
56 -75 6
6 -172 6
-79 32 6
87 111 5
-20 159 6
57 -73 6
-79 -124 5
30 124 6
78 -161 3
-7 -168 6
-69 155 6
-43 32 6
-64 -112 5
83 57 5
85 64 6
-44 -150 5
65 48 6
-19 139 6
-2 145 6
2 39 6
-44 180 6
75 62 6
-68 137 5
-62 -2 6
-34 129 6
37 8 6
21 92 6
-43 54 6
40 59 5
74 -7 5
76 -134 6
45 63 6
62 86 5
-29 -139 5
-38 118 5
59 171 5
-15 -55 6
32 -34 6
-61 119 5
-8 164 5
-81 149 3
11 -70 5
-60 50 6
-53 -167 6
-38 87 6
18 -152 6
-44 107 6
9 -138 6
-6 -69 5
-85 -141 5
88 5 6
21 -123 6
-56 -151 6
-30 -174 6
42 -147 5
82 99 6
-64 133 6
42 -162 6
-83 -179 6
76 106 5
72 -152 6
-86 32 6
-25 -172 6
-52 33 4
-70 159 6
88 104 6
-55 94 5
51 -142 5
-71 48 5
-18 90 6
28 77 6
-1 11 4
-23 -71 6
48 -131 5
-25 35 5
-23 -70 6
6 87 6
-43 114 5
12 39 6
70 -71 4
71 -136 5
-5 -87 6
36 128 6
15 121 6
-47 19 5
-65 -89 4
44 131 5
72 152 6
70 -171 5
55 -101 6
18 75 6
-3 -56 5
-51 8 6
48 -93 6
-53 -95 4
-6 -80 6
60 -163 4
-63 -144 4
4 -82 6
59 -17 6
83 104 6
50 -23 6
-7 90 6
-14 -22 6
21 -27 5
-56 155 5
85 -59 5
61 -44 5
-70 177 5
-86 -163 6
5 -142 4
-75 5 6
13 92 6
90 70 6
-89 76 6
-44 33 6
18 -60 6
-62 29 6
13 46 6
58 15 4
27 68 5
1 84 6
38 -21 6
45 62 5
-6 87 3
32 38 5
51 -156 6
-71 157 5
-46 -1 6
-45 55 6
-21 180 6
58 6 5
86 -39 5
11 71 5
55 61 6
41 -99 5
36 -3 6
-71 -168 6
-18 36 6
-35 -175 6
-3 -21 5
-40 167 6
-41 77 5
87 51 6
68 -119 6
46 -32 6
-67 10 6
57 33 6
-82 86 4
30 132 2
-71 -139 3
35 63 6
38 -2 4
-62 -131 6
-60 151 5
64 -24 6
33 -21 6
35 25 5
-88 -27 6
-84 4 6
61 112 5
58 -123 5
-43 -95 6
27 141 5
35 61 5
19 144 6
-79 135 6
15 166 5
32 -67 5
31 -134 6
33 -95 6
-13 66 6
36 141 5
-16 24 4
6 85 6
7 -82 6
-70 -45 6
-31 34 5
-57 -48 5
3 -11 5
-73 107 6
63 -52 3
-5 15 4
-90 -108 6
58 -162 6
46 -165 6
17 176 6
-59 80 6
-51 -117 6
-81 77 6
-16 -17 6
11 -13 6
23 -99 5
-44 90 4
-28 129 5
-27 -134 5
66 -113 6
18 33 6
79 -20 6
-6 -106 6
55 163 4
-65 -63 3
-56 87 6
-68 -163 6
43 -117 6
5 33 6
1 90 5
-60 12 4
-29 -175 4
0 -43 6
49 134 5
-70 121 6
-50 58 6
-48 98 6
-24 -100 6
7 -48 6
15 74 6
31 116 6
-50 141 6
-24 -117 6
33 -137 5
-78 142 5
82 9 5
-6 -54 5
-24 -24 6
-77 34 5
84 -178 6
83 -11 6
-75 -118 5
36 94 6
-16 -168 6
73 58 6
-31 -165 6
80 -155 6
44 -96 6
-21 -101 5
56 117 6
6 -108 6
-54 149 6
9 -34 6
-89 -137 3
57 155 5
49 160 6
72 -141 6
40 73 5
-88 144 5
70 150 5
-78 158 6
-87 -178 6
-21 171 6
85 63 6
-82 70 6
13 139 6
-57 -131 6
-12 116 6
-1 103 6
-81 -141 5
85 -1 6
-86 -84 6
-43 -168 3
13 -51 4
12 140 6
-30 131 6
-48 180 5
-32 -167 6
59 59 6
-75 95 6
85 178 5
70 -65 4
-42 -100 6
51 155 6
-52 66 6
-55 -141 6
-27 105 6
18 107 6
54 168 6
85 176 5
-45 -153 5
3 70 6
-68 83 6
-85 -6 6
74 -23 5
75 110 6
27 10 4
1 -155 6
-78 167 6
30 -130 6
-54 -178 6
-75 42 6
-40 -20 6
-24 -126 5
32 -161 5
83 83 6
-54 121 6
-32 -149 6
38 44 5
-62 94 6
-31 6 4
-45 102 6
74 -161 5
-30 175 5
-67 70 6
-25 5 6
-33 179 6
-6 -86 5
-72 -125 5
-48 2 6
80 -57 6
11 67 5
29 45 6
18 152 4
84 -86 6
53 27 5
-37 -143 4
-52 -72 5
-42 2 6
52 -174 6
17 142 6
63 -172 6
-33 19 5
37 77 6
8 -152 5
42 103 6
-71 114 4
59 163 6
-18 -74 5
74 17 5
-45 84 5
3 -173 6
88 104 5
90 161 5
-26 87 6
-15 172 5
24 -160 5
4 -7 6
60 80 6
27 60 6
-4 163 6
-70 -114 6
75 102 6
89 67 6
69 82 5
-87 -47 5
71 32 6
-18 150 4
27 128 5
-51 157 6
77 -8 5
22 -179 4
-73 135 4
-34 158 6
-17 173 5
13 102 6
-89 -102 6
-21 -129 5
-11 -141 5
84 -160 6
-60 30 6
23 143 4
-66 -98 4
-53 -53 5
87 -8 5
-80 17 6
-57 -4 5
66 -158 4
36 -8 5
42 172 6
-6 48 6
32 -110 4
73 -122 5
-51 92 6
57 107 6
-65 13 4
-89 100 6
71 65 6
-60 -111 6
70 110 5
23 -64 6
-14 -120 6
-2 -9 5
-5 117 5
-29 -174 5
10 -40 6
30 157 4
-85 -142 6
-31 132 6
12 -16 6
15 82 5
80 -173 6
-15 -111 6
-27 -21 5
86 -180 6
-77 138 5
-44 -33 5
-31 22 3
-72 139 5
-13 20 6
45 70 6
-81 53 5
-6 22 4
20 -83 5
-1 -106 6
-81 -124 6
-5 -175 6
33 -55 5
-28 66 5
9 31 6
-33 33 5
58 180 5
-35 -33 6
28 72 4
-49 -137 4
-88 75 6
17 -176 6
82 -66 5
21 159 6
64 -139 4
-65 33 5
90 -96 6
13 112 5
70 -114 6
-57 158 5
65 105 5
-82 -107 6
-71 -62 6
77 -32 3
-31 146 6
81 111 6
30 155 6
1 147 6
19 25 6
-21 -31 6
-35 16 5
76 171 6
-70 174 6
85 35 6
29 40 6
-90 -11 6
78 37 5
60 -72 5
-13 14 6
37 173 6
19 89 6
67 158 6
-6 -68 2
17 -98 6
-38 -17 6
-82 -51 5
-10 -67 6
67 -98 5
-59 23 6
21 -62 5
-60 -71 6
27 105 6
78 -168 6
3 -168 5
60 19 5
-11 -71 6
51 -30 6
-15 -172 5
62 -24 6
-66 -39 6
-82 -125 3
6 -89 5
0 142 6
39 165 6
-61 120 5
0 109 5
32 -180 6
20 23 5
75 -137 5
30 -28 5
61 -3 5
87 62 5
46 -155 6
-55 -174 5
-76 -85 6
-67 -93 4
-60 111 6
17 -173 6
16 -128 6
-83 145 6
-57 -75 6
0 35 5
-51 119 6
-26 -135 5
-72 152 4
-16 82 3
40 -95 6
50 59 6
0 -75 5
64 4 6
-57 167 6
28 105 4
-1 6 5
-60 -36 5
15 51 6
81 118 4
-73 -159 6
23 144 6
-52 130 5
81 -131 6
57 75 6
-33 -117 5
-17 -164 3
-68 -80 6
72 25 3
-4 -169 6
-39 99 6
-9 -164 4
72 172 6
79 149 6
88 -53 3
-16 165 6
46 -97 6
49 52 6
-73 104 5
-39 135 6
-79 -68 5
-22 -39 4
87 62 6
-6 3 5
13 -89 4
45 -35 6
-2 -76 6
-67 107 4
-15 -55 6
-5 68 5
-51 28 4
-20 145 5
-2 -118 5
-46 -108 6
-12 -131 5
-56 -37 2
64 155 4
20 -30 6
-45 -146 3
-89 145 6
4 -63 5
74 140 5
-61 -106 4
51 -85 4
6 2 6
49 148 6
40 -128 6
67 81 4
48 -96 6
13 -116 6
-8 -33 5
18 73 6
-49 -40 5
4 127 5
-53 -164 6
81 -179 6
-9 -36 6
70 105 5
-8 138 5
43 23 6
0 140 6
-30 20 6
10 77 6
59 96 6
12 47 6
-66 10 6
-47 -169 6
-59 120 5
-66 110 5
-84 -126 6
33 148 6
-20 -52 6
-53 174 6
-24 165 5
-70 146 2
-7 -51 6
70 -17 5
-88 7 6
-39 95 4
80 61 6
16 150 3
3 -111 4
79 35 6
-50 -114 6
31 -116 6
77 46 6
10 -93 6
-43 66 6
-63 176 6
80 99 4
-27 167 2
-87 60 5
-26 81 6
49 -63 6
-10 -94 6
-72 101 6
-29 -40 5
-63 -62 6
-22 84 5
38 -149 6
-16 -179 3
79 115 6
16 -180 4
65 35 6
-13 136 5
90 -174 6
-40 156 5
84 -154 4
-74 -81 5
46 32 6
-23 -117 5
53 -116 6
-70 -66 6
-11 59 6
-1 -92 6
68 -69 6
-74 -139 5
-39 -38 4
-60 -75 6
-58 -105 5
-38 154 6
69 18 5
-28 115 6
80 166 6
-77 -4 6
47 35 6
43 172 6
-67 97 6
-81 -69 6
12 -33 6
57 153 6
68 19 4
-35 -97 6
42 -102 6
44 177 5
81 171 4
-63 29 6
60 78 6
-29 -158 6
-48 25 6
69 -170 6
38 179 5
-17 -3 5
87 96 6
29 -137 5
-62 -125 6
-10 9 5
-86 107 6
-19 134 6
-36 52 6
-77 -156 5
-9 -21 6
-52 -166 6
-62 27 6
25 -101 6
-23 -101 5
-65 111 6
90 -95 5
-2 -96 6
-20 -107 6
81 154 5
68 -131 4
-32 27 5
-30 -134 3
11 22 6
-74 150 6
72 -176 6
-20 174 5
-45 -79 6
5 66 6
-86 -10 6
74 -113 6
66 -39 6
-76 -45 5
-69 -2 5
-68 130 6
-74 140 5
-76 53 5
47 -79 6
-4 -24 6
11 -67 5
-34 38 5
15 -139 6
41 156 6
51 10 5
-31 99 5
66 -109 5
-55 -178 6
69 122 6
68 46 5
17 -56 6
60 11 6
7 -82 4
23 98 5
29 101 6
-47 -59 6
66 -158 5
0 176 6
40 -51 6
63 33 4
-39 97 5
-41 109 6
-78 -33 6
53 54 5
-27 64 6
61 -57 6
-7 -173 5
-46 158 5
36 148 6
-85 -64 6
11 -165 5
70 46 6
-89 -115 6
-44 -163 6
-53 -81 6
14 31 5
-19 122 6
-28 -157 6
54 -67 6
-3 6 5
-47 90 6
-46 -85 4
-58 176 4
81 -42 6
-10 121 5
-57 97 6
-60 -111 6
59 106 4
-41 118 6
35 -33 6
-36 128 6
82 69 6
-32 -56 6
23 -102 6
4 83 4
75 -95 5
-79 130 5
81 -26 4
51 -52 4
-57 172 6
-77 -122 6
-22 -46 6
-17 -21 3
-51 38 6
85 -180 6
41 1 6
-69 -149 5
-30 18 6
69 105 6
-1 -171 4
32 -103 6
2 97 6
-53 68 6
-22 47 6
11 38 6
-26 55 6
5 153 5
-3 -153 6
-57 26 5
0 -175 6
-89 -116 6
-63 7 6
-73 -40 6
-84 -9 6
42 12 6
41 21 5
66 -142 6
61 21 5
-87 127 6
-76 138 5
4 -32 5
-9 55 3
15 39 6
89 106 5
15 -166 6
5 5 5
88 -69 6
-89 -60 5
16 115 5
-27 -141 5
53 97 3
37 95 6
-21 76 6
-4 -52 4
-87 144 6
45 34 6
1 -13 4
-18 127 5
-61 -168 6
48 -68 5
-46 -157 5
72 97 4
47 -56 6
-4 174 5
-50 -105 6
89 -18 6
85 32 6
-73 160 6
83 167 6
78 67 3
-54 49 6
-52 70 5
11 -127 6
-12 1 6
61 106 6
-52 116 6
70 4 6
-66 163 5
5 -157 5
26 -136 6
-83 79 6
25 72 6
-89 38 6
84 -66 5
-70 159 6
-31 -30 5
-89 -90 6
-29 33 6
39 124 6
-5 -64 5
61 72 5
-10 56 5
0 5 6
-38 98 6
43 -45 6
-62 -61 6
22 -16 6
39 -15 6
40 -71 6
-88 -86 5
-11 -4 6
-79 84 6
-42 88 5
-3 81 5
51 54 4
-6 -165 5
22 119 6
21 -69 5
-2 -25 6
-25 -145 6
5 160 5
-70 -170 6
-12 128 6
-1 111 6
-75 -86 6
-74 145 6
85 -115 6
-12 -72 4
12 -154 6
9 97 4
-56 -172 6
-85 178 6
-2 -147 6
84 -56 6
67 31 5
11 131 5
29 -91 6
-10 117 5
87 161 5
-24 -106 6
60 3 5
58 68 6
76 16 6
69 -36 6
-40 -134 5
42 -157 5
-14 -8 6
66 -65 6
49 162 6
86 150 5
21 -81 6
47 -30 6
62 -158 6
23 49 5
-51 136 6
80 22 3
46 180 5
47 46 6
3 -59 6
-51 -138 6
86 -178 6
55 33 4
-71 46 6
27 72 4
-69 -20 5
-18 42 6
35 -158 6
55 -118 6
-49 180 5
41 -152 6
27 -73 6
62 22 4
73 -43 5
5 -48 4
75 -166 3
-46 -136 6
81 -41 6
85 -6 5
-51 -155 5
14 -111 4
-73 -93 6
-18 -93 4
-22 -38 6
47 -131 6
-87 106 5
-7 -99 6
-43 67 6
40 110 3
81 -176 6
-44 21 5
-61 -1 5
-55 134 5
-21 177 6
24 27 5
65 -159 5
74 -83 6
-3 111 5
-53 -132 5
-76 170 6
60 -167 5
-61 -53 6
-52 -16 5
-36 133 6
85 -48 5
33 41 5
79 -112 6
-23 49 6
-89 -54 6
-66 -55 5
-38 -32 6
-40 104 4
-16 171 5
-1 -126 6
46 -90 6
-1 123 5
34 133 4
-84 67 5
39 -103 6
11 -99 6
66 179 5
28 -137 6
52 3 6
-45 -103 6
-89 156 6
37 86 4
-1 129 6
-73 108 4
2 85 5
-57 106 6
-14 -167 6
-69 141 4
-8 122 4
-25 -157 6
-16 143 6
-44 -121 6
0 131 6
20 104 4
-3 -107 6
-83 14 5
-57 152 6
57 -174 6
40 137 6
19 -150 6
-49 -111 6
-34 27 5
78 122 5
57 134 5
85 -155 6
49 -22 6
-24 130 5
36 123 5
40 -127 5
53 -4 4
73 18 6
-77 -5 5
-21 -29 6
24 42 6
42 44 5
-78 -168 6
-72 166 6
-74 176 6
-15 -62 6
87 41 5
22 -117 6
54 -125 6
-27 -33 5
40 71 6
77 98 6
70 -58 6
-81 -81 6
11 159 6
-18 -156 6
46 13 6
-85 -83 4
-59 -133 6
19 -148 4
38 -58 5
-83 161 6
12 180 6
54 -124 5
-1 162 6
-16 92 6
-78 149 4
-52 -62 6
84 18 6
66 -130 6
11 100 6
-27 26 6
7 32 4
21 116 6
-43 117 5
-67 175 6
-30 -23 6
-77 -15 6
73 -166 5
-15 51 5
-68 -44 6
17 33 6
18 -107 6
85 121 5
82 -163 6
-72 -42 5
90 101 6
58 152 5
83 65 6
-84 23 6
29 118 5
67 121 6
-73 168 5
-79 108 4
-29 137 5
-23 150 6
-83 19 6
89 5 6
-72 145 5
-16 -107 6
-8 -52 4
-26 139 6
54 115 6
71 142 6
-5 -28 6
-37 -46 5
38 -135 6
-53 103 5
-74 -121 6
62 -121 6
-82 98 4
-12 119 6
-65 41 5
21 -83 6
19 26 6
52 53 5
38 84 5
45 99 5
63 135 6
-20 -127 6
-20 -119 6
-22 8 6
-21 -170 6
-79 -137 6
37 -156 6
-63 87 5
-28 -60 6
72 -175 5
33 84 6
66 103 5
39 -37 6
-31 -8 6
15 59 5
-29 -27 5
-25 132 5
-56 -76 6
-33 -125 6
-15 43 5
-66 -114 4
66 179 5
34 3 5
-1 93 6
-55 137 6
-17 -152 5
12 -178 6
-55 137 4
-23 -88 6
-16 -173 3
79 44 5
-7 35 5
-84 -35 6
-45 -136 6
-55 35 5
24 164 6
31 165 5
-33 76 4
11 -55 6
-39 163 6
79 -29 5
-3 107 6
-81 -19 5
-44 29 6
21 -11 6
12 -110 6
24 -12 6
4 -101 6
-80 -72 5
-46 108 6
19 -32 5
-9 131 5
-45 78 6
-33 -2 5
3 78 4
-16 -21 5
57 -53 5
25 -167 6
-52 -148 6
31 -38 6
76 -64 6
-56 105 5
-76 -11 6
-79 27 6
1 -128 5
-64 23 6
-31 72 6
-21 -166 5
76 71 6
-76 -160 6
31 -87 6
-75 24 6
78 -106 5
-11 -158 5
57 175 6
87 -139 6
-66 -151 5
76 -39 5
-70 25 6
28 -82 5
-76 83 5
-9 90 6
87 1 6
-89 82 6
35 -178 5
7 -161 5
23 26 6
-66 79 6
-39 -35 6
-38 121 6
38 -147 5
-84 -132 4
-55 -162 6
-36 -129 6
50 126 6
65 96 6
42 -86 5
13 106 5
-71 84 6
74 -14 5
22 106 6
54 14 5
89 157 6
-68 52 6
-10 -19 5
78 -112 6
32 -11 6
-89 -64 5
62 -60 5
7 -145 6
56 -134 5
-8 -24 6
45 175 6
48 -89 6
32 -2 6
59 -52 4
-50 18 5
-76 -60 5
38 180 4
53 -12 5
-48 -89 6
-39 163 6
5 -136 6
-53 31 5
39 -148 6
89 92 5
72 -33 5
-65 68 6
-12 -127 5
-1 -84 5
81 158 6
-23 -35 6
-8 111 6
-30 93 6
8 18 6
-1 159 6
-59 65 6
14 -5 5
73 18 6
53 -21 5
-66 15 6
-80 135 4
-18 -2 6
30 -34 6
-62 -112 6
-27 -48 6
-52 -128 6
85 -90 5
33 118 3
12 95 6
0 -43 6
23 -114 6
-17 41 5
-4 94 4
64 126 5
-48 19 3
48 -36 6
-16 -66 5
-24 -126 6
45 -141 6
-88 -107 6
71 -101 6
-31 24 6
69 36 6
-73 98 6
61 175 6
-9 162 5
-17 79 6
-24 -147 4
-84 53 6
53 -75 6
31 -119 4
10 42 6
-89 115 6
-44 153 6
72 -127 6
-26 -134 5
-41 -90 6
81 135 6
40 26 6
-22 -144 5
12 -10 5
-46 88 6
56 -83 5
-60 93 6
-76 116 6
29 111 5
-74 152 5
56 118 6
-70 -23 5
19 -76 5
-89 -19 5
87 -133 6
-33 -93 6
-90 2 6
60 -40 5
-18 30 4
-83 78 5
-16 108 5
63 108 5
-43 6 6
-50 175 5
26 -2 6
-2 27 6
-53 64 6
55 -92 6
60 -61 5
8 -46 6
-34 148 6
38 77 6
-45 25 6
-21 48 6
73 61 6
-69 111 6
39 -175 5
-61 -42 4
-44 25 6
21 -58 5
40 63 6
-80 -34 5
68 93 6
-65 -5 6
33 -7 5
-2 -65 4
27 108 6
18 133 5
63 -22 6
-35 -29 6
0 16 5
11 -87 5
-14 115 6
-61 -69 6
52 162 4
-28 -22 5
-27 153 5
76 -157 5
-6 -178 6
31 -70 6
16 6 6
18 0 6
56 20 6
-55 -94 6
-62 51 5
14 -152 4
-36 145 6
-3 10 5
-37 -178 4
87 -54 5
-5 -71 5
16 33 5
-21 -118 6
65 -11 5
-29 171 6
88 -24 6
17 129 6
19 -126 4
-85 162 5
80 -14 5
25 -23 5
-23 -19 6
19 -158 4
-3 -97 5
-73 148 5
-80 165 6
18 -100 6
55 41 4
-3 4 6
30 96 6
-22 -107 6
82 -109 2
-29 -178 6
5 -128 5
29 -97 2
85 127 6
-52 -165 6
-75 -104 3
-24 175 6
84 -70 4
40 -97 5
82 80 6
51 66 6
-54 -156 5
-14 -18 6
-58 138 4
64 -44 5
-71 154 6
61 18 3
26 -156 6
-19 126 6
87 90 6
47 42 6
-52 -7 5
-24 -172 6
-77 124 5
-73 -159 6
-12 -71 5
-56 -174 5
-87 30 5
70 -29 6
38 159 4
16 42 6
23 102 5
-75 87 5
50 34 6
17 -48 5
-2 -55 5
-53 -58 6
41 56 5
21 85 6
63 -88 5
-22 137 6
10 32 6
-21 -31 5
35 -81 6
-86 -21 5
90 -21 5
14 50 6
-9 -56 6
23 175 6
-12 133 5
15 21 6
-27 40 5
-43 -59 5
58 130 6
-65 -90 6
-69 179 6
46 41 6
60 -134 6
89 -93 5
53 102 5
-15 73 2
-7 49 6
52 104 6
31 -2 4
20 -89 6
0 -8 5
-79 154 6
-83 -64 4
14 -15 6
-62 -177 6
67 97 6
23 -76 6
40 22 6
-49 48 6
67 126 6
-26 57 6
-75 78 6
46 143 6
-44 -79 6
57 76 5
9 -20 5
57 -179 6
42 -33 6
-49 -87 5
10 25 5
44 19 4
-33 -151 6
-56 149 6
-35 -126 5
3 -125 6
-71 74 6
56 149 3
57 -16 6
26 95 6
-13 -25 5
-17 113 6
70 -82 4
-30 75 6
57 159 6
-58 111 6
54 -40 5
26 38 5
-47 -122 6
22 14 5
30 106 6
-13 151 6
6 110 6
4 -112 5
44 13 6
-9 73 6
-14 46 5
-74 -40 4
14 -132 6
-30 -30 4
82 16 5
44 99 4
31 -64 6
88 75 4
7 150 6
7 131 3
76 -51 5
-75 171 6
23 16 5
0 -156 6
-79 -123 6
-55 -169 6
30 -16 5
4 28 5
-81 108 5
81 150 6
85 -144 4
64 110 6
81 35 5
-84 -161 6
-55 -60 6
-64 176 6
10 38 6
-81 80 6
-19 108 5
-42 -88 6
-55 -60 4
-88 42 5
68 1 6
46 -130 6
10 84 4
-46 -10 6
57 -64 4
50 -61 6
4 111 5
72 -160 6
61 -177 6
53 -97 6
-33 -1 5
-70 7 5
-38 -102 4
-43 88 6
-31 -98 6
-82 -16 5
-69 115 4
-15 -175 6
15 -97 5
-50 -135 3
60 147 6
-27 167 6
-73 -87 5
-40 -22 6
-66 -105 5
-30 37 5
61 101 4
-85 101 6
85 47 6
-68 55 5
-27 -119 6
28 41 4
52 178 6
-53 43 5
-71 -85 6
35 19 6
-72 18 5
-46 17 6
3 -55 6
15 -144 4
65 -44 6
-15 -44 6
15 34 6
34 -31 6
36 113 6
38 119 6
90 93 3
59 174 5
-46 38 6
-83 -24 6
56 -154 6
43 -80 5
76 -1 6
43 100 6
26 -26 6
79 112 4
-68 -157 6
56 -28 6
-7 77 6
-8 112 6
-3 -66 6
-58 143 4
49 20 3
-25 -172 6
53 144 6
27 103 6
19 82 6
0 12 5
76 -27 6
-29 91 5
-27 -36 6
-46 134 4
-68 29 5
-31 -23 5
-82 -68 6
-47 164 5
-76 86 6
76 -52 6
-18 81 6
-71 43 6
-22 -13 6
-7 -18 6
-2 -119 4
-67 -56 6
-25 -145 6
-86 180 6
-66 98 6
8 -113 6
76 -150 5
-81 -31 6
61 12 6
-16 11 6
57 -7 6
5 63 6
73 -83 6
74 -61 5
79 -175 6
-74 39 6
-33 -131 6
21 -118 6
62 40 6
23 -121 6
65 51 5
0 -4 5
21 -175 6
42 -70 6
-61 26 5
-18 -179 5
-31 -69 5
58 137 6
67 23 4
9 82 6
1 -171 6
15 -175 6
1 -114 5
-30 151 6
-35 -170 5
28 -118 6
-80 161 5
-85 65 4
82 49 6
-5 18 6
44 135 5
76 -180 6
-61 -62 5
-31 34 3
-65 151 5
-61 175 6
-26 -66 4
24 159 5
74 72 6
-48 -173 6
-76 -158 6
50 158 6
-47 -36 6
83 -111 4
13 177 6
59 104 6
13 108 6
56 82 5
-68 48 6
-34 133 6
-66 85 6
75 -167 6
61 55 4
-60 7 5
-3 -89 6
68 162 6
-46 170 6
18 97 5
-86 -67 6
10 -95 5
88 -66 5
38 22 6
52 -37 5
-14 -158 6
85 -52 6
44 -180 6
-53 178 4
-82 80 6
-48 -83 6
-30 22 6
70 -166 6
-36 -14 6
-66 -153 5
51 164 6
-84 -153 5
7 -116 5
57 157 6
17 -16 6
85 170 5
-50 -85 6
49 -12 5
-78 -149 6
-53 -65 6
-39 90 5
3 -180 6
-82 22 5
17 -68 4
-20 33 5
-45 76 4
77 173 5
43 -134 6
-15 -72 6
-70 2 6
57 -125 6
-47 -136 6
4 22 5
11 93 6
-51 -124 6
89 13 3
46 48 5
17 -7 4
4 -43 4
17 -61 6
-8 -30 5
54 102 5
0 -20 6
-14 -93 5
-68 -177 6
25 162 6
16 110 3
-28 -131 6
-1 110 5
-57 -112 5
56 96 5
-77 10 6
50 -164 5
27 -82 5
78 47 5
44 172 6
-87 23 6
-27 -36 5
-18 57 4
-19 71 5
-38 -119 5
68 -16 6
20 -158 6
-38 -80 6
-23 4 6
35 -7 6
48 -156 6
-42 27 4
-3 93 6
18 71 5
-46 31 6
-49 -107 5
-78 23 6
15 -22 6
-56 87 6
73 7 5
-1 -134 5
-79 72 5
-83 -110 5
54 106 6
17 136 6
-61 59 5
12 -12 6
-85 34 6
-57 134 5
-5 153 6
-36 -130 5
-3 -73 6
0 159 6
45 172 6
-26 141 6
43 -10 4
81 118 5
79 125 6
-75 -65 6
-45 -56 6
9 27 2
12 -169 5
89 -138 4
-77 -20 6
33 -50 5
81 -126 6
-9 47 6
-6 -53 6
-47 124 6
-8 57 5
51 -32 5
-71 -30 6
38 71 4
39 63 6
60 -25 6
-57 116 6
-57 121 6
-45 48 6
-89 177 3
52 -65 6
-74 -89 6
50 120 6
48 -70 5
-75 -147 5
90 -22 6
18 -106 4
58 106 5
78 114 5
-53 106 4
-74 133 6
-80 63 4
-13 127 6
61 -107 6
0 -54 4
62 -97 6
24 122 6
78 -131 3
6 -62 6
83 19 6
59 58 3
30 148 6
-2 -90 6
-45 -100 6
-24 -80 6
-52 -5 4
-8 82 6
-1 -126 6
14 -50 4
-65 -98 6
-41 -26 5
-3 142 5
34 -77 5
-25 36 6
82 8 6
35 112 4
-48 26 6
-48 172 3
50 41 6
-32 41 5
-87 -68 6
11 66 4
42 99 6
-41 134 5
-49 172 6
1 -10 6
-34 -22 4
62 32 6
55 -112 6
17 -79 5
53 -175 6
84 -120 6
-86 -40 6
49 172 6
35 -93 6
61 12 6
62 -122 4
-84 -88 6
-54 0 6
19 24 5
26 -180 3
-6 -111 6
-26 31 6
73 11 6
-46 -162 6
49 -161 4
80 25 6
21 -115 5
-35 -74 5
-52 -136 5
5 -22 6
31 52 6
-52 -51 6
-8 -1 5
-86 28 6
-89 -107 4
-63 160 6
7 25 6
67 -86 6
87 -51 5
-79 48 6
74 -6 4
-13 177 6
-90 54 5
-11 -122 5
20 -120 5
-17 146 6
22 48 5
74 -127 5
67 135 5
-41 150 5
0 -155 3
-87 -144 6
-38 54 5
8 -69 4
-74 121 5
-16 -177 6
79 45 6
-29 -19 6
54 -105 6
40 -21 4
-2 -16 6
-59 -3 6
37 -144 5
-9 -177 6
-23 -110 6
14 176 3
-52 -107 5
43 145 5
-76 1 4
61 -131 5
31 -57 6
32 -1 6
89 95 6
30 20 5
1 69 6
52 -6 6
37 175 5
-76 -141 4
43 96 6
70 -168 6
46 -2 6
-35 45 6
13 105 6
77 39 5
-8 -166 6
43 -49 5
14 -167 6
-47 127 5
26 95 6
-64 155 6
13 -26 6
-30 33 5
-88 113 4
-2 177 5
-40 -77 6
-5 -178 6
45 -120 6
-46 -5 4
-5 120 6
90 144 5
38 -52 6
44 110 6
81 -165 6
-79 132 4
-90 92 6
44 -161 5
-82 154 6
74 -44 5
67 75 5
-27 64 6
-55 -83 5
58 56 6
-62 169 4
80 -148 4
-68 -126 6
25 -110 6
-69 -153 6
36 -93 6
-83 -14 5
-68 -68 5
-2 52 3
1 167 4
-83 24 5
15 30 5
10 -148 4
-14 131 4
73 4 6
-60 108 6
-87 -61 6
-42 -38 4
-9 166 6
-75 140 3
-78 114 6
67 -37 6
45 -30 6
55 11 6
-75 123 4
-78 -139 6
61 -94 5
80 -40 4
-55 -48 6
-88 -63 6
25 -32 5
-83 78 6
65 -7 5
-18 -55 6
-76 -69 4
46 93 5
-62 -86 5
-60 -107 6
-35 -149 5
-61 173 5
-38 43 6
-17 82 2
-54 149 5
87 -62 5
-73 35 6
25 35 3
-61 -23 6
28 -83 6
54 -139 5
35 -141 5
30 45 6
-78 -51 6
-57 95 6
-48 -151 6
-14 79 3
1 -103 4
-10 122 4
-19 -143 6
-13 95 5
3 117 6
-76 -84 5
-61 -63 6
-81 153 3
-55 94 6
41 47 5
-77 167 6
30 3 6
-21 -136 5
45 37 5
-9 -174 5
49 77 6
47 12 4
-71 -83 6
23 1 3
-87 -142 6
-45 54 5
23 1 5
-63 -112 6
-21 71 6
-56 42 5
-27 -129 6
-42 132 6
16 109 6
51 -81 5
25 44 4
73 17 5
-49 -155 6
43 86 6
-80 89 6
49 179 3
-13 -178 6
-42 34 6
53 60 3
-16 23 6
36 28 6
62 -132 5
28 -84 6
-55 77 5
70 172 4
85 -177 6
71 -106 6
-41 118 5
-67 -46 6
47 -46 5
-7 69 5
5 169 4
-23 -171 6
17 -151 6
-46 112 6
-11 163 6
40 -136 6
-20 54 4
-34 28 4
45 88 6
77 -124 6
88 -163 5
13 89 5
-12 75 6
0 -96 5
8 52 3
51 -95 5
-42 -179 6
89 175 6
-59 49 6
-86 2 6
80 -24 6
77 -107 3
-20 -36 6
-46 132 6
-43 -163 6
85 -70 5
48 -132 5
64 33 5
25 -93 5
-2 121 6
43 -57 6
8 144 5
-71 -180 5
-34 4 2
65 -169 6
-71 -169 3
2 -87 6
-74 141 6
-26 -113 5
-17 22 6
15 92 6
-27 0 5
77 158 5
32 39 6
24 175 6
-13 -161 6
13 -88 6
-44 -97 4
-10 -160 4
47 176 6
88 174 6
38 19 4
-11 -128 6
-14 142 6
-19 -155 3
0 -120 4
85 -73 6
48 2 4
-31 -43 6
54 91 4
-9 141 6
45 -66 6
81 48 3
-7 145 6
-22 95 6
-50 -37 6
58 155 6
-83 104 6
46 122 5
-38 -137 5
29 99 6
48 -37 6
49 -95 6
27 140 6
-59 59 5
13 133 4
20 -102 5
84 38 6
-45 164 5
0 -117 5
45 -18 3
-1 -161 6
-82 -17 5
19 -120 6
-3 -58 4
-48 12 5
40 160 5
-16 -87 5
48 32 5
-42 39 6
-86 165 6
17 -147 2
58 57 6
-56 88 6
47 124 3
-52 64 5
44 -104 6
-27 140 6
-55 33 6
13 -121 4
58 -178 4
-67 -147 6
46 107 4
36 171 6
72 -95 4
-44 -64 3
7 112 4
89 89 6
-77 -84 5
-68 105 4
0 -94 5
-48 151 5
-2 -22 6
-13 -121 6
-66 -68 6
70 -75 6
-70 31 4
44 15 6
32 -145 6
74 -54 5
-80 104 6
-69 141 6
80 180 5
33 108 4
12 -106 5
-18 -77 6
9 103 5
38 124 6
5 -96 6
-24 95 4
22 -143 6
63 49 4
-50 164 5
-83 90 6
-13 21 6
-35 -123 6
20 -152 6
-84 -13 6
89 -177 5
-12 17 5
-33 -61 6
-45 -88 5
70 34 4
42 -28 4
-48 -54 4
-21 172 6
13 5 6
-27 -81 6
65 -98 6
-83 144 6
9 -144 4
-19 -136 5
-80 60 6
31 45 6
4 -77 5
-9 -4 6
11 -160 6
-68 -152 5
14 -25 5
73 170 6
-54 -33 6
0 86 6
11 -30 6
-70 -13 6
-71 -7 5
80 171 4
-54 -139 5
41 140 6
-42 -180 5
-61 -94 6
-70 -89 6
49 96 4
-79 -158 5
6 97 6
89 -95 4
50 -67 6
-81 80 6
17 137 6
7 39 6
56 -125 6
-43 91 5
83 -96 5
48 4 6
6 41 6
-31 117 4
82 -49 5
73 -100 5
1 -98 5
77 -115 5
80 15 5
84 72 6
0 -82 5
70 154 4
69 -100 6
47 -129 6
88 -109 5
8 -134 5
16 -77 3
88 -31 6
37 -155 6
26 124 5
84 -157 6
8 23 5
-80 -83 6
-83 -65 6
-69 172 6
-74 -126 6
-6 -29 3
22 126 6
-85 34 5
-13 124 5
36 -99 6
-48 148 2
-9 -129 6
35 147 6
-7 33 6
78 -71 6
58 8 6
-47 -141 5
6 -82 6
-70 -87 4
-23 131 6
23 108 6
-58 -20 4
-67 42 5
52 154 5
50 105 6
33 17 6
27 14 6
-33 136 6
-41 -47 6
-81 -92 5
26 161 6
90 15 6
63 -99 6
-23 -56 6
-49 -134 6
61 -80 5
-50 77 5
54 162 4
-43 -171 6
83 -67 6
85 -77 6
22 -147 6
-37 163 6
47 -133 5
11 31 6
45 -136 5
-82 -131 3
4 -73 5
-76 52 6
20 146 5
61 -134 5
-24 -139 4
-49 118 6
-4 -4 5
7 -10 5
-65 -38 6
-36 78 6
35 -110 6
89 -75 4
-34 -71 6
19 -17 6
39 93 6
30 -110 6
84 -9 6
86 91 5
71 159 5
-43 -133 6
8 46 4
-86 162 4
28 -86 6
17 -52 4
20 173 6
-82 -148 6
3 -163 6
53 140 6
-42 41 6
72 98 5
-15 158 6
-65 86 6
40 -147 6
-59 86 6
54 -135 5
-54 14 6
-52 -119 6
-58 -107 5
39 140 6
-64 -138 4
64 88 6
88 139 6
-81 6 4
85 78 6
-20 -125 6
-46 -147 6
-19 99 6
-60 -124 3
50 100 6
21 126 6
57 8 5
57 98 5
-15 -154 4
-37 154 6
33 -33 5
83 13 5
-54 157 6
61 -161 5
28 143 6
-3 -3 6
-58 131 5
39 -111 6
31 -87 6
-64 120 6
-51 -155 5
-60 119 4
10 11 5
22 146 6
-46 -34 6
-47 105 4
-34 -27 4
-2 6 6
-69 -87 5
-48 -16 5
1 24 6
-69 -105 6
-81 -117 3
55 -107 6
52 -162 6
7 58 6
54 121 5
-89 91 5
1 -136 6
-6 -138 6
46 -102 6
88 20 5
-59 67 6
82 145 4
70 -85 6
47 -33 6
-65 131 4
-25 167 6
-60 179 6
58 -86 6
-46 136 6
-4 150 6
35 -72 6
12 -31 5
31 57 6
-21 120 6
78 -69 5
-36 36 6
-12 136 6
-14 -72 6
-58 -79 6
-90 110 5
16 -111 6
-52 106 6
-59 100 6
-37 -31 6
-35 91 5
9 -136 6
55 119 5
-51 146 6
55 176 6
58 -13 5
12 59 6
-39 -180 4
89 -58 6
-19 85 6
-73 42 4
-29 -4 5
-42 7 5
41 -128 6
-73 25 6
22 -134 5
-20 -86 6
22 148 6
-40 -99 5
6 -162 5
-38 159 6
-88 1 4
-67 -46 6
14 -169 6
34 63 6
64 89 6
-81 67 6
-17 119 6
-52 -179 6
68 -2 6
-84 -97 5
-15 68 6
75 156 6
65 92 6
58 89 6
-18 105 6
19 -84 6
-11 1 5
73 36 5
16 -55 6
-27 -99 5
-14 137 6
-54 -4 6
28 102 5
-16 -58 6
67 -155 6
-48 -58 6
-85 -17 5
35 -59 4
-6 -67 6
63 52 6
-51 -32 6
40 149 6
21 -22 5
-47 139 5
-23 -92 4
-7 -72 6
-68 -144 6
87 -146 5
-48 66 6
-1 59 6
-19 -180 4
-70 -88 4
-58 9 5
74 136 6
-56 152 6
-2 -104 6
59 7 6
10 162 6
-51 16 6
-87 7 6
-26 -133 6
51 64 5
6 -170 6
0 148 6
87 -17 6
17 -98 6
-27 -1 5
60 -126 2
50 -71 5
-12 -29 6
78 -167 6
-53 141 5
74 25 6
32 -103 6
-43 68 6
-43 -113 4
19 84 6
65 -3 4
-33 -10 2
-32 33 5
-77 -152 5
-17 91 6
-48 94 6
-63 169 6
-49 -62 4
-85 -158 5
45 -122 3
-31 -98 6
-28 -52 5
86 -145 6
-13 70 6
-76 -31 6
-13 -13 4
7 150 5
77 134 6
-7 172 6
3 -88 4
-73 -14 6
73 114 6
51 18 4
82 -152 6
-54 -111 5
-82 -88 5
63 -134 6
43 150 6
-3 -46 4
15 -112 5
67 -133 6
1 -12 4
0 20 6
6 102 6
71 -18 6
62 -114 6
-24 -2 6
24 -92 6
-13 4 6
-70 -171 5
17 -58 6
-86 136 5
-30 78 5
-26 118 6
-30 -77 5
-73 -148 6
-44 -63 6
13 39 5
51 -102 6
-45 -80 5
0 92 4
-89 34 4
-12 -81 6
-66 20 5
49 161 6
-56 179 5
24 -99 3
-53 55 6
38 -87 4
78 -160 6
10 129 6
-49 39 6
54 51 6
-77 147 6
-29 25 6
-19 35 5
-2 -29 6
-8 28 5
51 -48 6
21 46 5
-44 -132 5
-80 -171 6
41 67 3
37 73 6
74 -72 6
35 178 6
52 -46 6
-41 29 6
-59 -91 6
66 13 6
7 54 6
-52 -177 5
14 -27 6
-75 61 6
-12 73 6
87 86 6
66 -138 5
-78 15 6
-88 28 6
-9 75 6
-53 -118 6
33 95 6
87 4 5
70 110 6
54 -71 5
-34 -134 6
64 -142 6
40 58 5
31 14 3
-87 -78 4
22 74 6
21 -58 6
-36 -45 6
-21 16 6
-48 82 6
27 -6 6
24 -110 6
86 -105 6
55 -49 5
-56 48 6
-50 -36 3
0 -56 6
55 39 6
-2 85 5
-44 137 6
16 -68 6
79 -66 6
-15 -98 4
-7 -155 6
-2 62 4
1 178 6
-90 86 5
-72 -12 6
-58 -156 6
-53 110 6
-40 -18 5
-44 173 6
-11 -165 6
26 88 6
-73 38 3
51 157 6
-38 134 5
-38 -75 6
-21 -95 5
48 -56 2
-46 132 5
48 -55 5
-86 88 4
-30 68 5
25 105 6
48 -16 6
63 -57 5
-85 45 6
17 -53 5
45 -142 5
-26 95 6
15 167 3
-58 -88 6
-75 -106 6
27 7 6
80 -7 3
-22 -58 6
-14 -10 6
24 13 6
-74 89 5
21 136 5
-7 -33 6
58 -154 6
5 93 5
-79 1 6
60 157 6
-88 -71 6
-35 -178 6
16 -88 6
-57 144 6
46 55 6
1 -55 5
-42 10 4
-44 -56 6
79 22 6
-88 130 5
9 -90 6
-5 -52 5
-24 -107 6
-9 139 2
-85 158 6
-24 -28 6
88 -123 6
25 141 5
12 99 5
89 31 6
13 -31 5
2 -126 6
83 -10 4
68 14 6
-8 -90 5
58 -41 3
68 -70 6
55 176 4
11 160 4
-59 -95 5
14 -167 5
40 -146 6
53 178 6
-28 129 6
-35 -20 3
-3 124 6
-7 59 6
2 81 6
-27 -101 4
23 -63 5
-16 -176 5
70 9 5
-32 10 6
-76 -35 6
55 123 5
49 -78 6
22 13 5
32 129 5
72 44 5
65 68 4
-68 -167 4
84 164 5
-37 -71 5
82 105 6
-68 -49 5
-51 2 6
10 -10 5
16 179 6
-37 63 6
83 -156 6
82 -177 4
7 -100 6
82 127 5
-8 -170 6
-4 -25 6
-83 -111 4
-4 -104 6
82 -132 6
29 48 5
-33 -111 5
-77 178 4
84 144 3
-20 -77 6
-53 90 4
-34 110 6
-21 149 6
-82 90 6
-49 -86 5
10 -5 6
-55 -60 4
-22 -32 5
-34 -30 5
39 85 5
14 133 5
-49 -175 5
53 -157 6
-89 161 6
-77 38 6
62 -101 6
66 -36 6
47 -178 6
31 67 6
-63 -62 5
-73 -103 5
-48 60 3
62 11 6
-44 0 5
10 116 5
-63 150 6
-13 -115 6
-20 -76 6
-74 -43 6
-42 -168 6
41 69 6
36 -154 4
-24 -20 6
21 -120 6
-83 34 6
56 177 6
59 -58 6
1 -5 5
-78 -9 4
-69 -112 5
59 -118 6
-9 67 6
55 162 5
-77 -150 4
7 167 6
83 -36 6
71 -178 6
-9 159 6
-16 -18 6
-9 34 6
-53 -40 6
60 32 5
1 89 4
-81 119 5
-17 -132 6
-4 -81 6
43 -56 6
11 123 3
-61 -21 6
89 68 6
-43 163 5
38 -65 4
12 56 6
63 156 3
-22 136 5
59 -117 3
80 -62 6
2 -37 5
-13 61 6
-62 178 5
55 -29 6
13 -13 4
-71 -12 5
-23 -71 6
74 50 6
9 -54 6
87 5 5
-20 -8 6
83 -46 5
-16 -129 5
8 -178 2
66 -16 3
83 -130 6
9 -22 6
86 68 5
-59 0 6
-18 -60 6
56 -67 5
-87 -121 6
-72 137 6
18 105 6
-17 -172 4
-32 78 5
8 39 6
48 158 4
-61 146 6
-44 2 3
-16 25 6
79 15 5
-31 -51 5
-9 -140 6
-29 -65 6
90 -151 4
-85 46 6
-38 73 3
-86 -179 6
33 6 6
-13 -146 4
15 -140 5
83 -79 6
-9 174 6
-86 151 5
-2 85 6
-67 95 5
71 -143 4
-70 156 6
-25 165 4
40 80 6
-84 175 6
-49 -76 6
-43 -166 3
75 126 2
-58 144 6
56 161 5
36 176 6
36 93 6
-61 -18 6
-67 124 6
90 57 5
-12 -134 4
-17 -119 6
-53 -141 6
-68 -69 5
-51 -134 4
-27 77 5
-43 -126 5
-58 138 5
60 158 6
-68 -120 6
-21 133 6
8 -69 6
-31 -45 6
45 -116 6
74 -60 6
65 167 4
-41 22 5
-61 141 6
83 99 6
8 91 5
17 -12 5
31 -168 6
-63 73 6
23 -34 6
80 -108 6
-72 -141 6
-81 -20 5
9 27 4
75 38 3
88 -98 5
-56 150 6
-23 -50 6
-26 17 6
65 92 6
-45 -78 6
44 138 5
13 86 3
-1 120 5
36 -117 5
43 -132 6
-35 92 5
25 83 6
72 57 6
57 179 5
10 17 6
-65 168 5
70 -147 6
-75 -42 6
-40 -154 6
-7 -47 6
-13 131 6
-35 85 5
-41 48 6
55 -155 2
14 85 5
-48 -68 5
-81 148 6
-62 4 3
-17 151 6
18 -79 6
9 47 5
12 -169 5
-83 -20 6
9 -162 6
-57 -73 6
27 141 5
15 -82 5
-67 117 4
2 60 6
-67 -27 5
39 -132 6
35 -131 6
23 -170 5
87 156 5
44 176 3
-12 69 6
-39 -27 6
87 2 4
48 135 6
3 134 6
87 173 6
-79 145 6
-33 63 6
18 -22 6
-15 154 6
60 102 6
-37 98 4
-3 -14 6
-33 -141 6
79 108 6
-15 67 6
-82 -118 6
-55 104 6
66 180 6
-55 19 5
-86 169 5
49 10 5
11 170 6
-58 -92 6
30 87 5
-76 -92 6
-70 179 6
-26 -121 6
51 -69 6
-66 158 4
-79 -146 3
61 -72 5
-35 -39 6
57 -167 6
-2 154 5
-42 -25 6
1 -65 4
50 -157 6
53 -65 6
57 -139 6
56 108 6
-78 43 3
30 -78 5
31 57 6
60 -20 6
-29 69 5
37 73 6
83 114 5
26 -156 5
-80 -137 5
-52 16 5
14 102 6
-36 74 5
-7 5 6
-51 69 5
39 85 6
-68 8 6
-27 -35 5
50 44 5
63 30 5
-88 -34 5
-32 121 4
8 75 6
-67 -3 6
15 -142 6
-5 -180 6
86 -164 6
52 -140 6
33 53 6
27 76 6
-39 43 6
-73 56 6
77 102 4
-84 52 5
40 -109 4
46 96 6
-29 -40 5
-74 -37 6
82 47 6
-55 -147 5
-15 85 6
77 -72 6
74 -37 6
61 100 4
-38 -52 5
-16 66 6
74 51 4
86 18 6
-35 -162 5
-80 109 6
-15 -21 5
-76 169 6
6 -128 5
-78 121 6
-34 -67 5
20 -60 4
49 -2 6
47 114 6
-75 179 5
-64 -140 6
-4 159 6
-6 -169 5
-2 74 6
-23 -151 6
2 119 5
49 173 5
-64 -54 6
-47 -73 6
54 -108 5
88 -9 6
28 -151 6
22 -157 5
72 180 6
-26 162 3
-86 -32 6
-58 4 6
-45 -14 6
-44 -64 5
36 121 3
-49 -58 6
-2 -127 5
-2 -50 6
-60 5 5
23 32 6
12 4 6
-90 -73 6
-41 87 5
42 -95 6
-7 -48 5
79 -62 5
-67 -130 6
-19 177 6
-44 -135 6
56 137 6
-15 -76 6
-49 52 5
-23 111 5
-60 141 6
61 -144 6
35 -36 6
65 -42 6
1 32 6
8 113 6
48 0 6
-74 64 5
3 19 6
1 -141 6
17 -11 5
-29 -26 6
13 97 3
39 -64 6
-86 25 6
-2 -101 5
-70 149 5
34 36 6
-57 -159 6
71 -116 6
19 99 4
-14 -40 6
80 160 5
88 111 5
9 -38 5
-47 -10 6
-26 -91 4
-16 -23 5
43 139 6
61 -27 6
56 -76 4
-73 -97 5
24 -82 4
16 -81 6
10 115 4
-25 46 6
63 -140 4
-74 75 5
0 178 6
32 -140 5
-85 -128 6
-60 -114 6
58 -81 5
-63 -34 4
-16 78 4
-44 -118 5
0 -78 5
-47 -74 4
85 0 5
21 -15 6
33 178 5
3 133 5
-70 -106 4
71 -93 6
68 6 6
49 32 6
10 -35 5
87 -147 6
63 43 4
0 -77 5
-25 -161 4
-20 55 5
-80 -158 4
63 48 6
-60 -147 4
53 -160 6
66 -155 4
-55 -166 6
-87 12 5
5 155 6
64 -60 5
-56 -62 4
-26 -108 5
-86 0 6
32 -80 5
84 -8 6
84 18 6
59 4 6
47 -1 6
-78 -63 6
1 -5 4
-69 176 6
70 -62 6
-63 135 5
3 -22 6
81 34 6
37 -19 6
-23 54 4
44 169 5
74 -3 6
58 -122 6
-53 -54 3
-74 12 6
-5 -85 5
48 -11 5
-65 159 6
-89 -49 6
85 1 3
51 132 6
64 175 6
74 -125 6
21 -67 2
15 180 6
-88 -68 6
-38 -15 5
40 -16 6
-38 128 4
-37 114 5
2 177 5
-29 -178 5
-5 -98 6
52 48 6
83 -168 6
-42 135 6
86 137 6
37 -101 5
-41 40 6
15 20 6
-56 -91 6
66 -62 5
2 -6 6
0 45 6
83 -88 5
80 -180 6
68 143 5
-41 117 6
-41 106 6
25 98 6
34 -108 6
-12 17 5
59 167 3
-29 -135 5
-32 166 6
-79 134 6
5 34 5
-24 -17 6
48 65 6
83 52 5
5 -123 6
-10 33 6
12 -136 5
3 -50 5
18 160 6
70 33 6
-48 43 6
17 -2 5
24 -115 6
14 1 5
54 11 6
26 59 5
82 -108 6
69 -166 5
0 -32 6
-73 -52 6
1 170 5
14 9 6
60 155 6
26 154 5
8 -76 6
-2 63 6
37 -19 6
-27 -163 5
30 38 6
89 -6 4
-4 55 4
5 -57 6
-36 -49 5
-59 -25 5
90 -42 5
-54 -17 6
-4 -54 6
76 152 4
-49 78 6
-84 -162 6
57 -24 6
-29 70 6
86 -44 6
65 -31 6
-56 -109 4
-47 117 5
-64 82 5
-80 -106 6
90 -100 6
53 141 6
4 -94 4
70 166 5
-46 -59 5
-37 -170 3
0 -35 6
49 -48 4
-11 179 4
46 -167 6
-16 -7 6
-18 -112 5
20 162 6
57 -102 6
-86 -9 6
-31 -111 5
-34 -52 5
-79 130 5
53 158 6
-41 29 4
69 -104 6
-60 -165 5
56 44 6
76 58 4
81 118 5
83 164 4
55 54 4
69 -147 3
24 -171 6
-67 112 4
-62 -122 6
-86 174 3
42 -126 5
33 105 5
16 -52 5
-13 -114 6
25 108 5
-19 53 6
77 -59 6
38 -167 6
-20 -166 6
11 91 6
39 -115 4
-28 -108 6
-3 70 6
-56 -30 5
82 -87 6
75 -27 5
54 -52 6
12 29 5
22 -125 3
40 58 4
-13 -90 6
-17 -54 4
89 11 5
21 -111 5
-24 87 4
-40 -109 6
-70 -142 6
-13 129 4
-24 76 6
-32 142 6
84 -18 6
80 79 3
7 124 4
1 -106 6
12 -156 5
51 -135 6
86 12 4
-4 178 5
-77 129 6
47 127 5
-89 -114 6
-80 81 3
-24 42 4
-14 -149 6
42 -35 6
10 9 6
59 -42 6
-53 -70 4
74 37 6
22 -138 6
10 163 5
41 100 5
-42 -88 5
23 180 5
-88 -109 6
3 106 6
30 30 5
26 -133 5
-48 -143 6
9 -38 6
64 -72 6
74 -81 6
-87 173 6
52 164 6
46 65 6
-59 -152 4
-78 99 6
7 -39 6
-12 -93 6
-76 -91 6
-39 -34 6
58 -47 6
-82 17 4
-5 126 6
47 39 6
-9 138 3
-65 -8 4
-7 80 4
-6 -132 5
-41 -177 6
34 104 5
13 -29 6
-7 91 5
35 147 5
-58 128 4
63 112 6
42 41 6
-2 -66 6
80 -63 6
87 123 5
79 -128 5
15 -121 6
-32 -121 5
-74 149 2
59 96 5
-13 147 5
-51 -93 6
-74 140 6
-11 43 4
33 47 6
-7 -87 4
-2 -134 6
-11 142 6
42 1 6
56 127 6
-23 20 6
-80 167 6
4 -74 6
-9 -178 6
53 73 6
50 -2 6
-76 35 5
13 27 4
1 12 5
77 -139 5
18 100 6
-6 98 5
40 -57 6
-81 -93 6
68 -166 4
-76 -156 4
-77 -127 6
-90 -165 4
47 170 6
-3 47 6
-84 -89 5
-23 -72 6
22 151 6
16 -146 5
40 48 6
1 -125 6
57 -2 5
-83 -111 6
-29 75 6
17 -120 5
-34 -12 6
-80 11 5
-3 -136 6
65 176 5
-49 161 6
-11 64 6
54 105 6
86 85 6
-54 -157 6
-56 132 5
-15 -137 6
73 48 5
24 44 4
32 -120 6
41 42 5
-83 -122 6
2 145 6
43 166 6
84 -143 4
-23 166 6
73 163 6
47 -23 6
-11 14 6
39 -130 6
27 104 6
-73 -169 6
-24 50 5
-22 -35 6
3 157 6
44 11 6
0 -166 5
33 10 5
-55 -66 6
-47 -110 3
46 -14 5
68 -117 6
-2 150 6
-48 -18 3
-57 167 6
16 -151 6
-9 108 5
48 -155 4
21 -86 4
10 -108 6
27 98 5
34 -58 6
7 3 5
-64 -26 6
63 40 3
-51 -65 5
-51 -128 6
23 -35 6
29 60 5
-50 92 6
-4 164 5
81 -128 6
-5 -105 5
-26 33 6
43 161 5
-33 -90 6
-48 13 6
-70 -105 4
51 137 5
18 -177 6
-32 -171 5
-53 -25 4
-35 162 6
-34 -42 6
-88 -178 6
-82 -162 6
-12 -32 6
-19 172 6
38 138 6
6 -5 5
-36 -129 4
-73 143 6
74 -172 6
-89 -129 6
25 128 5
-52 -74 6
-2 -45 6
-38 -71 3
88 14 5
22 -25 5
-48 -3 5
-76 -92 6
33 -108 6
59 53 6
28 -58 5
-62 101 6
-4 158 3
-5 -165 6
-6 -108 5
19 80 5
43 24 2
-67 -136 6
77 -99 5
-86 -75 5
-77 -168 3
35 34 6
38 25 6
-1 -78 6
-82 -59 4
5 -31 6
57 129 6
22 172 5
73 126 6
83 149 6
23 -102 4
-25 -93 5
2 96 6
67 -144 6
-58 55 6
80 -47 6
-40 118 6
-52 -33 5
-49 164 5
-6 -156 5
-77 -74 6
-59 169 4
27 124 6
39 88 5
33 23 6
-9 -114 6
72 12 6
44 -135 6
-52 89 5
47 -57 6
6 -120 5
81 -84 5
-14 125 6
29 151 4
-9 -64 5
80 35 5
72 158 5
-20 -3 5
89 22 6
-84 -36 6
41 59 6
42 108 6
-89 -160 6
-42 129 5
-21 -11 5
51 135 6
-73 -45 6
-38 -34 5
81 66 4
-14 7 6
64 19 6
-16 -38 6
-67 10 5
71 -144 6
84 176 6
62 -105 4
40 134 3
-82 105 6
45 -98 4
12 -162 5
-3 -25 5
55 -180 5
-19 -79 6
83 -98 6
-13 -179 3
-10 -42 5
51 24 6
-53 -179 6
-27 49 6
-35 36 6
-36 -73 5
84 -160 5
62 -97 3
-4 -153 6
13 -135 5
2 -155 4
35 1 6
-89 75 6
0 -110 6
-67 -166 5
-30 173 5
-88 123 6
-60 60 6
32 -4 6
80 44 6
23 -52 6
73 -153 5
-58 171 6
7 121 6
-42 65 6
24 45 6
-20 54 6
-25 131 2
0 139 6
-68 -59 6
11 -112 6
8 48 6
-85 116 6
41 -57 5
-13 180 5
78 -45 6
-1 -57 6
33 115 6
-21 -31 4
-62 35 5
85 146 6
-37 -180 6
-60 -25 4
-49 -149 6
52 150 2
19 4 5
-34 -30 4
39 150 5
0 59 6
54 -146 6
-26 81 5
80 -85 6
76 105 5
-27 -16 6
38 -15 4
86 -32 5
53 142 5
-60 -41 6
46 166 6
72 9 5
-51 172 5
-14 74 6
78 66 5
77 -84 5
-30 -69 5
-42 -47 5
-18 -128 5
5 -158 3
-87 -87 6
16 -72 6
-32 34 5
-73 55 6
-75 157 5
13 64 6
-7 -93 4
-29 13 6
-24 -108 5
-60 132 5
71 -168 6
75 -98 5
-53 -87 5
-9 15 6
-19 117 6
-11 152 6
29 51 5
50 131 6
58 47 6
24 82 6
-49 -10 6
-62 124 6
31 28 6
-87 83 6
26 -176 6
-24 173 5
-65 -12 5
2 -45 6
17 158 5
-64 133 6
-24 -31 5
-87 -45 6
-74 -89 6
-51 118 5
46 89 6
7 -118 6
53 94 4
-29 112 6
78 -94 6
80 -62 6
-15 -25 6
-82 28 6
66 -169 5
34 -71 6
59 124 5
-13 175 6
6 -153 6
58 -45 6
-15 -98 6
-77 -66 6
78 -59 6
45 -164 4
85 153 6
-61 160 6
49 -143 5
-23 124 5
-80 33 6
87 -46 6
40 110 6
54 -11 4
72 -55 3
28 -9 5
-67 -108 6
-57 25 6
-61 8 5
79 76 6
11 -55 6
-4 159 5
85 -22 5
65 28 6
-38 -18 6
56 -36 6
-39 -45 6
45 -86 6
41 -77 5
82 103 6
-53 39 4
75 -142 5
-53 -42 5
5 135 5
-77 -75 6
-19 78 4
-30 -98 6
50 -64 6
38 -47 5
-46 78 6
-5 -147 6
-10 -145 6
-4 -158 6
28 -27 6
75 8 5
74 -146 6
-77 -124 3
13 139 6
1 -33 6
52 -86 5
-19 163 6
39 57 6
12 174 5
-33 -107 6
-58 157 5
-58 114 6
-53 178 6
88 25 5
62 121 5
69 -95 6
2 99 5
36 121 6
-49 93 5
28 122 6
20 -100 6
-58 -10 4
8 -154 6
56 -37 6
-53 60 4
59 142 4
-90 72 6
-65 91 6
77 -178 4
-65 -35 6
-82 23 6
-80 49 6
65 -45 6
7 -166 6
12 49 6
-66 -115 6
19 6 6
-84 -115 6
72 -150 6
-4 157 6
-3 -74 6
86 -58 6
-69 -164 4
51 -136 6
-28 -108 6
-54 -121 5
17 -102 5
61 -19 6
-50 -54 6
-12 -162 5
-31 -146 5
0 -45 6
47 168 6
-80 130 5
0 118 6
70 -8 6
33 -164 5
73 -99 4
-35 78 6
-80 158 4
28 130 6
-2 172 4
-49 59 5
-70 118 6
-32 61 6
-82 101 6
-30 -24 4
33 141 6
-76 21 6
19 146 6
87 57 5
10 -172 6
-88 -140 5
30 140 6
62 -47 5
70 -146 5
-88 -142 6
-43 -98 5
89 -127 5
-14 -19 6
-55 -111 5
12 39 6
80 66 5
62 116 6
-12 167 5
7 111 6
-13 36 5
-52 -156 6
31 64 5
-3 -61 5
-81 32 5
69 85 5
5 -60 5
-85 59 5
-10 -71 6
61 -40 6
36 -179 6
25 -118 4
34 -142 5
9 -156 6
-90 146 5
-54 -19 6
20 -142 5
-44 165 6
-56 173 5
-30 18 5
-22 -14 5
-52 -97 6
12 52 5
-37 145 6
-81 -88 4
-87 95 5
-55 -28 6
-33 -94 6
-81 -176 6
47 92 6
28 33 6
-17 112 5
-36 104 5
-86 73 4
33 123 5
52 124 5
6 -1 6
-52 162 5
69 -13 6
-44 -152 6
-82 63 6
-46 169 6
65 -165 6
83 -68 6
-90 -141 5
-50 135 6
74 88 6
-12 27 6
74 -6 5
85 107 5
-3 -18 6
-27 26 5
55 -113 6
20 -63 4
19 -35 6
69 135 6
-47 -100 6
-18 -129 6
9 47 5
-67 -1 6
3 164 5
-45 -133 6
-8 92 4
78 -163 6
58 25 5
35 -111 6
77 70 6
77 -74 6
-67 -54 6
-66 -133 6
1 -2 5
14 -66 3
69 -164 4
73 -96 5
-62 -168 3
49 -11 5
30 80 6
-29 115 4
22 -157 5
34 101 5
-63 -5 6
-90 10 5
60 -122 6
70 176 4
-1 -156 3
-53 -116 5
56 163 6
-66 167 5
-41 95 6
66 175 6
85 130 6
56 62 6
13 3 6
65 -46 5
42 76 5
-45 -140 5
83 -81 6
35 60 6
-34 -51 6
-38 -154 6
46 98 3
-42 -144 6
-63 126 5
-74 56 6
78 132 6
79 -62 6
84 84 5
-35 -99 6
-26 145 5
2 -50 6
40 50 6
-23 -165 5
87 -88 6
-36 123 5
35 -121 6
72 -49 5
-11 21 6
84 -113 5
71 -120 6
48 121 5
-21 -58 6
4 149 5
64 58 6
-57 72 6
21 -120 4
20 40 5
-26 -109 6
54 -67 4
-62 56 3
72 129 6
-42 -63 4
12 170 6
80 -101 5
59 87 4
23 -66 6
-49 180 6
11 9 6
61 117 5
-17 79 5
52 -6 5
17 -87 6
57 128 6
62 -177 6
-68 142 4
-2 -7 5
-88 117 6
-86 -2 6
33 -47 4
46 40 6
60 -77 6
-27 -33 6
-81 -47 5
28 -6 6
14 109 6
3 14 6
72 85 6
-38 170 6
-70 93 5
-32 -48 5
-8 -135 6
83 58 6
-48 -165 6
-81 -10 6
-36 -57 5
-78 53 6
-85 36 4
58 -159 6
-84 91 6
-71 28 5
-60 162 6
30 147 5
51 -69 6
87 76 5
-87 172 5
-31 -2 6
63 179 5
86 -49 6
19 -83 6
54 -46 4
73 91 3
6 147 6
-40 55 5
44 -64 6
-65 83 6
-50 -29 6
22 103 5
22 -77 6
51 -66 6
26 -174 5
20 -148 5
-77 43 5
-39 -106 6
-12 -91 4
-21 -155 5
54 -40 6
-67 -58 5
-71 99 5
50 17 5
-37 -152 6
65 -161 6
-63 154 6
15 -159 6
-32 -139 6
47 157 6
46 18 5
-65 105 6
-49 -79 6
35 -150 6
-60 47 6
-74 -170 5
82 -41 5
-46 17 6
-73 -128 5
-49 -45 6
-79 37 5
71 38 2
58 -81 6
63 40 6
53 -34 6
-81 164 5
17 -142 5
-62 126 6
-37 94 6
-35 154 5
83 66 6
64 -7 6
47 -34 6
69 -149 6
-14 76 5
-70 97 6
-21 2 4
-1 135 6
-6 16 6
38 141 5
-80 -89 5
67 -52 6
57 -41 6
-67 -41 6
-55 94 5
-76 -179 6
-72 95 3
-89 105 6
24 161 5
86 -51 5
71 -22 5
48 43 6
28 41 6
-9 -144 6
-18 -113 2
37 -2 4
24 71 6
53 123 4
-51 -64 5
79 124 6
-61 -88 5
86 109 6
-34 136 6
-55 83 6
19 -31 5
72 -76 6
78 18 5
45 58 5
87 -91 5
39 -137 6
-59 -36 6
-49 86 6
22 -102 6
26 -132 6
-45 110 6
7 0 5
4 -121 5
66 -127 3
-9 -98 5
80 134 5
87 74 5
86 66 4
57 92 5
39 15 6
5 -140 6
-66 -59 6
38 -165 6
-5 136 6
-26 43 5
0 46 6
77 -82 5
-56 -21 6
58 65 5
-17 53 6
-22 48 5
28 179 5
26 52 4
89 -1 6
-87 -159 5
17 -86 6
11 -16 6
-13 140 6
-4 125 5
-45 -118 6
-56 174 5
58 167 5
-50 130 5
-9 89 5
44 140 6
-33 26 6
-41 -37 6
4 9 6
-32 -122 5
54 63 5
-53 -103 5
-61 -164 5
60 114 6
85 -80 6
-80 78 5
19 -100 6
87 134 6
-69 -173 6
-33 -35 5
66 -85 5
-51 102 4
-20 -111 6
-39 -37 6
-77 -34 4
36 70 5
-57 82 5
55 -104 4
-33 88 6
24 55 5
63 25 5
25 161 6
49 -156 5
-33 -142 5
-44 61 5
-85 52 6
-69 121 4
41 -164 4
35 106 6
85 158 6
-63 -156 5
78 43 6
-40 99 6
42 20 6
67 70 3
-59 140 6
20 160 5
-75 -18 5
-40 -31 6
-33 -6 5
41 149 5
-6 -35 5
-81 65 4
58 -38 5
0 -157 5
-39 0 5
-80 126 6
-62 144 5
49 -52 5
0 -30 6
-1 0 6
-21 38 6
-79 -36 6
47 118 6
-19 64 4
73 112 3
24 72 6
-43 -114 6
-9 -89 6
-70 -154 3
-8 132 4
-73 162 6
-47 5 6
55 -3 4
-36 -156 6
-26 -134 5
-75 120 5
82 -177 4
-18 18 6
13 126 6
11 85 6
24 122 6
-43 -166 6
25 -140 6
-32 -4 5
6 114 6
-15 -38 6
-26 112 6
-57 151 5
59 -152 6
23 120 6
-3 35 6
-65 -95 6
-68 48 6
-62 75 3
-73 173 5
-52 -143 5
-45 -135 6
34 -150 5
-12 160 5
-79 -148 5
75 -132 6
-50 55 6
-59 -34 4
-13 -109 6
13 172 6
-83 79 6
-22 -154 6
2 -48 6
59 179 5
-19 -26 6
31 -146 3
-54 -101 6
42 118 5
-50 -145 6
-37 72 5
44 -169 5
58 2 6
68 58 5
-42 -50 6
86 112 4
7 -130 5
4 -78 6
-63 15 5
-90 -172 5
29 9 5
62 -166 6
-11 158 5
16 -137 6
12 -111 5
0 -72 6
1 -165 4
33 -5 6
47 166 6
-80 -43 4
7 131 5
84 156 5
-80 -61 6
-84 -121 6
6 102 5
52 -3 6
27 95 5
-65 -16 6
74 169 5
82 72 6
71 -7 5
23 -150 6
86 -119 6
-68 -1 6
-59 -35 6
-30 99 6
-36 -73 6
80 -63 6
81 -29 6
63 173 6
11 75 6
32 131 6
-9 101 5
80 165 6
50 -20 6
-19 74 6
-45 -91 5
-65 41 4
44 -79 5
61 -169 6
-88 -71 5
6 21 5
81 -81 6
33 -19 6
-76 -155 5
73 -129 5
49 -106 5
63 -102 5
-14 136 5
-9 -151 5
-83 -81 6
-39 -69 5
-69 3 2
77 -15 4
-27 -111 6
-87 140 5
-40 166 5
57 -5 5
-13 -48 6
17 -35 4
70 -86 6
-22 -98 4
31 -136 6
-43 102 6
-71 -44 6
-67 -81 4
-1 -53 6
53 -175 6
-41 56 5
60 15 6
-38 -148 4
20 21 5
-53 180 5
31 -158 5
20 180 5
58 5 5
-2 169 5
23 -19 4
75 166 6
50 130 6
56 -139 5
-24 -38 6
0 154 6
-41 74 6
-26 -171 6
31 42 6
-32 133 5
-2 -131 6
-80 154 6
-57 -23 6
-53 64 3
46 41 3
-45 80 6
-33 -102 5
-25 120 6
11 -135 5
-21 -84 6
-23 2 5
-29 -77 5
-85 -64 6
47 -164 6
-46 2 6
59 67 5
72 -113 6
20 -168 6
-78 -176 5
78 -86 6
-82 -109 5
-79 134 6
44 -58 6
6 137 3
42 -69 6
62 15 6
-22 -133 3
-55 94 5
1 158 6
-89 48 6
-11 -115 6
-3 39 6
64 -161 5
8 -57 6
20 -44 6
80 -23 6
-48 -33 5
-34 -95 6
-88 -106 6
70 -120 5
40 -32 5
8 -113 6
-1 -85 6
28 -129 6
-68 28 6
64 -10 6
-9 109 4
-60 136 5
41 -88 6
20 70 5
34 70 6
-26 85 2
-80 -117 5
9 143 6
73 -33 6
56 157 6
40 -173 5
-43 -35 6
-83 59 6
-45 77 6
60 -111 5
-54 -130 6
65 -124 5
-26 -23 4
-77 -51 6
31 -99 6
19 110 6
45 113 5
-36 -39 6
68 144 5
-44 -144 3
-58 -72 6
0 -130 6
56 174 6
-88 -121 6
-87 -121 6
-35 -147 6
31 -102 5
49 147 6
71 81 6
30 66 5
85 115 6
-67 -65 6
-21 -130 5
-86 50 6
74 -87 6
-22 4 5
-5 40 5
46 -173 6
-59 129 5
84 163 4
52 -73 3
47 -102 4
67 78 6
-53 29 6
48 -12 6
-59 151 3
7 166 5
15 -56 6
-66 -41 5
-28 -54 6
-34 -20 5
-14 143 6
5 147 3
-14 -104 5
88 -8 6
-64 31 6
-74 35 6
-69 -39 5
41 -171 6
-31 -155 3
69 -19 6
-3 -118 6
3 73 5
-34 65 5
-18 -119 6
-63 104 5
74 -48 5
58 104 5
44 141 6
20 -46 6
79 -47 6
22 -91 6
15 44 6
71 -39 6
-23 76 6
67 155 6
7 -133 6
-79 -79 6
57 141 6
37 97 5
-80 166 5
79 -64 3
-15 113 6
-62 106 4
65 33 6
53 33 6
-42 39 6
-34 -128 4
30 164 6
66 -112 5
-30 75 6
-34 -118 5
10 45 5
76 122 5
13 2 5
0 -21 6
-60 -93 6
27 82 6
55 65 5
23 99 3
41 34 5
73 -106 6
-38 -174 6
-27 -144 6
25 -150 6
70 74 6
51 52 4
10 -113 6
18 -86 6
12 5 5
34 94 6
74 162 6
-68 -135 6
69 178 4
1 -167 6
-11 -22 6
-33 167 6
62 31 5
9 -15 4
33 -1 6
33 -60 6
-16 161 5
-46 117 5
-83 161 4
-54 -12 5
70 -54 6
-44 102 5
89 -58 6
-81 84 6
-56 -87 6
-41 147 6
-70 32 5
-50 160 5
-21 -143 6
63 -91 6
62 -5 6
29 54 5
25 126 5
87 -55 4
-72 48 6
68 108 6
66 -107 4
37 144 6
10 36 6
53 -154 6
86 -19 5
-49 166 6
80 107 5
-53 -74 5
-30 19 4
-8 -24 6
88 106 4
-6 65 6
15 118 6
-25 48 4
51 -60 6
59 72 6
24 107 5
-11 157 6
28 39 6
-82 -83 6
-75 159 6
90 -108 5
55 21 6
-5 -13 6
-83 -61 6
-61 -33 4
-89 75 6
-23 105 6
-68 106 4
19 40 5
-12 92 5
24 -65 4
-77 -153 4
45 -106 6
77 53 4
39 5 4
19 17 6
-83 -137 5
-52 113 6
3 -60 6
46 31 4
-43 -70 5
80 9 6
-86 -85 4
-85 -119 6
-13 -3 4
58 80 5
52 -173 5
-44 -17 3
-20 -91 6
57 -58 6
52 32 6
85 42 5
19 159 5
26 -63 5
-23 -177 5
45 35 6
-67 -5 5
-27 -154 5
17 166 6
-40 -155 6
-19 -174 6
-62 -24 5
17 -20 5
39 166 6
87 19 6
89 126 6
63 74 6
-47 -5 5
59 63 5
73 -133 6
-83 -82 6
-32 -65 6
-1 -47 5
53 -158 2
-69 45 6
-7 -63 4
-10 -8 5
5 -51 4
-56 39 5
90 -79 6
-51 -167 6
59 11 6
31 -93 6
19 -78 6
-13 81 5
-82 -8 6
40 -76 6
42 45 6
57 -33 5
86 -148 4
-30 -164 6
-76 4 5
-18 8 5
56 -19 6
6 46 4
-47 -41 6
2 113 6
-61 125 2
67 139 6
61 173 2
-10 145 6
78 -124 4
46 99 6
40 -49 5
-78 -27 6
26 -63 5
40 117 6
39 -144 6
-12 145 5
41 83 6
-18 14 6
-47 79 6
31 -164 6
-14 -59 5
67 -145 5
72 -34 6
47 -174 6
1 -46 6
56 112 6
80 -25 5
21 -142 6
17 131 6
18 -52 6
-2 -24 6
23 63 5
71 25 5
14 -138 6
50 -142 5
80 -6 6
87 168 4
17 -104 5
19 47 6
-59 19 6
-23 153 5
86 -102 5
-42 108 6
70 149 3
-24 111 6
76 15 6
-86 155 6
29 85 6
-30 57 6
-13 116 6
8 120 6
43 12 6
-26 158 6
65 56 5
3 -39 4
-16 -33 6
56 159 6
22 69 5
-87 -114 6
19 -131 6
65 -165 6
12 -171 5
-57 -98 6
29 171 6
87 74 6
86 -121 3
47 -50 5
-61 141 5
-81 12 6
11 -131 6
-47 -120 5
-9 -168 6
22 70 4
37 -109 6
3 36 5
-44 92 4
24 -86 6
47 -29 5
-50 144 5
-23 -88 5
0 158 5
-68 -118 6
-80 2 5
43 175 6
83 -150 6
-77 -44 6
30 146 6
38 -22 6
-19 -175 6
-31 -125 6
70 -157 6
81 -157 5
-49 17 4
-65 57 5
71 127 6
89 71 5
-31 -137 6
-14 -109 6
-45 18 6
-25 133 6
-8 10 6
18 -155 6
85 1 6
-27 -153 4
6 60 4
-40 15 6
34 -148 6
-7 -120 4
-57 -31 5
-35 -177 6
76 -163 6
51 56 6
-29 132 4
8 -48 6
-30 -113 6
28 65 6
-23 99 6
-47 -138 4
33 128 6
-79 -37 6
-85 -140 5
40 66 6
-64 68 3
-89 75 5
29 82 6
-40 103 4
-24 -49 6
-3 -26 5
67 -73 6
-68 -84 3
-63 75 5
68 -94 6
31 163 6
-4 -76 5
41 32 5
72 -106 5
-84 59 4
43 164 6
-82 -73 6
77 174 4
-27 -83 2
-39 -99 6
-4 167 6
67 42 4
-12 161 6
-41 -54 6
-7 -169 5
38 -1 6
67 83 6
-45 -123 4
81 -74 6
84 81 6
73 102 6
16 -34 6
-82 -92 6
-38 172 5
-12 -16 5
12 77 4
29 20 4
33 -1 5
-45 95 6
86 -23 4
11 -9 6
27 -174 5
75 70 6
33 -179 6
12 97 6
-77 -110 6
90 -168 5
-1 149 6
-79 59 5
79 -37 6
-84 -93 6
89 -93 6
11 -179 6
19 -161 6
-44 -54 6
22 102 5
-33 71 5
31 -116 6
14 101 6
67 51 4
4 144 6
-20 38 6
-76 92 6
30 168 4
-23 -149 6
-4 -153 6
-64 -93 4
16 167 3
15 -148 6
4 170 6
-86 -137 6
20 -34 4
23 176 6
72 -140 6
86 50 5
7 -65 5
12 154 6
-62 26 6
-36 100 4
29 133 4
86 -136 6
-58 16 6
-6 100 5
80 110 6
-29 113 5
45 -143 6
-38 67 5
-75 25 6
22 106 6
-76 -22 6
5 -97 4
49 158 6
-48 111 6
36 109 6
-27 11 4
82 -24 6
-37 -114 6
3 -144 6
-69 79 5
-83 163 6
11 48 5
0 -27 6
60 167 5
-81 125 6
0 -70 6
-54 -108 5
13 -92 2
45 -124 5
-26 164 4
49 -106 6
38 -33 6
66 139 6
1 45 6
21 71 6
49 -28 6
60 -132 2
-26 -137 6
48 6 6
20 92 6
47 119 5
-3 -132 5
63 -118 5
-42 -104 4
5 -107 6
79 -19 5
-14 152 5
17 -62 5
-8 -93 6
44 -75 5
-11 98 4
8 165 5
-26 139 6
27 79 5
-20 131 5
83 -153 5
67 -21 6
87 -130 6
23 89 6
-40 -95 6
29 -136 6
15 -43 5
16 -122 6
48 149 6
-56 78 4
-75 41 6
-46 -42 6
-85 -1 5
-23 -118 6
-8 -168 6
61 39 6
-76 130 5
25 81 6
64 -10 6
85 148 5
60 101 6
-38 156 5
-43 146 5
-4 -68 6
42 -76 5
27 116 6
-25 41 5
35 -77 6
12 -173 4
6 49 5
62 -131 3
-70 -92 4
36 -104 6
0 -35 6
59 66 5
-32 96 5
28 19 5
-67 -26 5
-87 123 6
-37 53 6
82 -45 6
-49 100 6
-82 27 6
-65 87 5
60 140 6
-39 71 5
-60 22 5
50 -114 6
-78 -70 6
-23 -66 6
76 -140 6
41 -172 5
-83 179 6
-10 -137 6
11 -41 6
-84 156 5
-4 -163 6
-86 88 5
-28 158 5
3 -139 6
28 -58 2
53 -117 5
51 -123 4
10 58 6
-82 119 5
50 -156 6
54 -39 4
-79 -41 4
71 -147 4
-22 -105 5
-83 8 6
-18 38 6
-26 105 6
-29 43 6
86 -110 6
87 127 5
-34 -99 6
0 -62 6
-48 -26 5
-2 34 5
4 -51 4
-40 -21 5
-54 -44 6
-29 -119 6
81 -28 6
-5 101 6
1 56 6
-90 166 6
-53 -170 4
-65 72 5
49 -56 6
-20 -106 6
-56 -69 6
-79 50 5
-53 -167 6
-63 -103 5
53 122 6
78 -61 6
66 119 3
17 102 5
-81 128 5
-49 -12 5
73 148 6
61 58 6
74 -113 4
19 -1 6
-69 165 5
-47 -34 6
40 169 6
-63 6 5
-73 -71 3
-84 -142 5
-2 52 5
-1 154 6
1 90 5
-74 -5 4
-29 91 5
81 66 3
-78 180 5
-19 -148 3
75 19 5
39 158 6
-64 -33 4
-29 -143 6
-8 144 6
32 -69 6
-73 115 3
49 116 5
63 -58 5
-8 71 6
-12 -56 5
88 -32 6
-2 -125 6
36 -118 6
-62 161 6
-10 62 4
-31 -160 6
40 -58 6
84 50 5
-22 21 6
50 -1 4
-50 -49 6
-51 -171 6
75 -33 5
-62 172 6
-54 47 6
-65 -85 4
-39 -132 5
25 -79 6
-25 31 4
66 -147 5
66 -97 6
34 -10 6
20 -142 6
-5 -27 5
-89 121 4
21 22 6
-45 -64 5
85 50 6
-10 -46 6
68 64 6
-53 86 6
-8 -146 3
-34 -113 6
54 -85 6
26 -152 6
22 144 6
-83 112 6
35 -162 6
-1 -167 6
83 -65 6
30 11 5
60 -109 6
-68 136 6
-58 -80 6
63 81 6
17 97 5
-55 -11 6
73 151 6
-11 150 6
-45 24 5
19 -151 6
47 -87 6
75 -36 5
-61 34 3
-13 -97 5
66 -106 5
80 -112 5
-1 37 6
-35 -142 6
78 61 6
-19 -170 6
-14 180 5
22 102 4
63 -143 6
-25 22 6
57 -101 5
76 -180 6
-7 -3 6
25 -137 6
3 -21 6
-58 89 3
11 176 6
-63 43 6
64 122 3
16 136 6
59 -42 6
33 -20 5
-72 159 6
-13 -161 6
58 -76 6
-72 -6 6
-52 -85 6
-14 -59 6
-32 72 4
76 161 6
41 -49 6
30 78 5
54 -153 3
76 -136 5
48 63 6
44 -93 6
51 -62 3
-81 131 5
-84 -59 4
23 169 6
-11 -54 6
-30 162 5
-79 151 6
-44 93 3
-10 107 5
9 -106 6
-21 83 5
-30 85 6
83 -143 6
-30 14 6
-41 33 6
-4 -121 6
11 49 6
-14 -27 6
31 -134 4
-82 -111 6
44 1 6
44 -82 6
1 -24 6
-65 -168 6
73 121 6
-9 163 6
67 -139 6
37 29 4
13 -62 5
5 82 4
51 -146 6
-5 162 6
51 -73 6
-66 -87 6
-44 96 6
-62 1 6
30 -125 4
73 2 5
41 -70 6
-84 -45 5
83 151 6
-82 2 6
87 -47 6
-43 -170 6
-26 49 6
1 -14 6
-34 48 5
-42 151 6
-5 -12 6
72 -13 6
40 37 5
8 117 6
-80 96 5
11 -20 6
85 -108 4
50 -104 5
-46 -140 5
-74 156 6
35 -114 6
-62 105 6
-43 145 6
1 -105 5
64 110 6
-79 -68 6
64 -56 6
45 4 6
-21 116 6
-83 69 6
70 137 6
31 -26 6
-42 10 6
-30 -33 5
-28 -63 5
36 105 3
-23 -21 5
-51 -129 6
-54 43 6
42 -180 6
16 59 5
40 -9 6
-11 -104 6
-11 -106 6
-83 101 5
-90 -91 4
20 -84 5
-83 -166 5
-86 84 6
-64 -111 5
67 -163 4
-48 -174 6
90 152 4
-51 107 5
75 -113 3
-35 87 6
-55 -43 6
16 -77 4
-61 140 6
-40 144 5
88 -42 6
-44 167 6
-53 128 4
-71 173 6
71 162 5
33 -155 6
46 -22 5
55 50 6
74 -28 6
53 -129 4
0 156 5
-5 -20 6
11 -168 5
35 -70 6
36 -170 5
2 -101 6
64 -140 6
3 -101 6
56 -12 6
-75 -94 5
-50 -8 4
-89 89 5
-87 -85 6
-55 -105 6
-72 91 6
-46 70 6
-41 0 5
59 -8 6
-48 -20 3
-44 -25 5
41 -154 4
-24 -53 5
41 160 6
-68 -74 6
-72 -136 6
14 45 6
-25 97 6
-68 -15 5
80 80 6
27 51 6
48 -162 4
89 -50 6
6 120 3
42 147 5
47 41 5
28 -160 6
42 -44 5
-56 80 5
-79 66 6
33 167 6
68 -41 4
-57 11 4
-79 -177 6
80 -35 6
89 152 5
-34 -123 5
39 119 3
31 103 6
-51 73 6
75 25 6
-40 119 5
74 2 5
36 14 5
-70 0 3
-76 28 6
13 107 6
70 155 6
49 -155 5
25 -95 6
-74 -14 5
-24 -25 6
-90 -11 5
21 87 4
-45 6 4
78 56 6
37 117 6
82 55 6
-74 -75 6
61 4 6
-59 -146 4
-82 -111 4
-59 -109 5
-3 151 5
-66 114 6
-71 130 6
-83 2 6
0 -89 4
50 -10 6
88 -46 5
-3 -94 6
-88 -113 6
34 122 5
-84 24 6
15 -175 3
53 -84 5
-45 20 5
80 162 4
6 -99 6
-13 -24 6
52 105 6
-26 -117 6
-31 -40 6
-6 -98 6
-11 169 5
71 -141 5
48 -57 6
48 135 5
42 20 5
-35 125 4
23 53 6
43 81 5
-16 155 6
-54 86 6
28 128 5
-30 -116 3
89 -151 4
-65 -13 6
-6 -103 6
-13 -158 5
-23 -114 6
32 65 6
31 82 5
-34 118 6
-72 -129 6
-57 -125 6
-47 129 6
40 -27 6
63 24 5
-6 -126 5
-64 -71 4
61 169 5
6 173 6
14 24 6
-63 4 4
53 -28 6
55 -89 6
11 129 6
-36 91 6
10 -28 4
-67 -68 4
-38 89 5
67 146 6
-82 157 6
38 -112 3
-17 174 5
-76 -4 6
-67 -175 6
7 -117 6
22 161 5
7 7 4
-51 -29 5
87 -86 6
-47 82 6
-75 -61 6
64 -62 6
-9 -64 5
2 102 5
43 -164 5
12 111 5
80 -132 5
-87 75 5
-78 84 6
-46 98 4
82 74 6
67 -30 6
-79 -76 5
55 170 6
-49 77 5
54 -158 6
-77 -163 6
-56 177 6
-26 -61 5
-86 -7 5
-40 -50 6
-79 118 6
82 -164 5
-34 -172 5
-14 173 5
-11 166 4
-38 177 6
5 37 2
85 114 6
-48 -29 5
16 -98 5
-74 -79 5
-31 -100 5
-58 46 5
73 -161 6
36 -129 6
77 77 6
-71 -36 5
-55 -27 5
-72 -2 6
-48 88 6
61 -169 5
-12 -139 5
63 121 6
-6 2 6
-79 -52 5
-4 -16 6
-85 163 6
-22 -60 5
-65 -81 6
-68 109 6
-40 -93 5
-64 62 6
56 -160 3
0 119 6
58 -139 4
-23 -153 4
-4 -110 6
-45 30 6
69 -133 6
87 -45 5
37 9 6
5 65 6
22 113 6
-44 -130 4
-35 137 6
-21 -175 6
-38 -82 6
-24 132 5
-85 164 5
-81 140 6
-66 -112 4
-7 10 4
